%time Phouse1 Phouse2 Phouse5
0 1209.53684211 1379.81052632 3395.11578947
1 1192.23157895 1382.90526316 3339.6
2 1202.52631579 1381.32631579 3314.33684211
3 1199.05263158 1374.88421053 3332.33684211
4 1199.43157895 1379.11578947 3353.81052632
5 1192.61052632 1383.78947368 3300.82105263
6 1210.35789474 1381.32631579 3348.69473684
7 1196.21052632 1377.53684211 3375.78947368
8 1202.33684211 1372.61052632 3325.2
9 1196.46315789 1380.44210526 3346.10526316
10 1208.52631579 1381.83157895 3331.76842105
11 1195.76842105 1381.57894737 3381.41052632
12 1202.52631579 1375.26315789 3283.89473684
13 1200 1373.74736842 3275.62105263
14 1203.47368421 1380.63157895 3284.96842105
15 1192.98947368 1382.65263158 3296.65263158
16 1208.02105263 1378.67368421 3296.84210526
17 1198.04210526 1374.82105263 3284.84210526
18 1198.54736842 1376.27368421 3296.90526316
19 1201.07368421 1379.87368421 3495.34736842
20 1199.68421053 1380.44210526 3428.71578947
21 1200.37894737 1374.69473684 3388.67368421
22 1191.6 1375.64210526 3264.82105263
23 1206.06315789 1378.35789474 3363.91578947
24 1190.77894737 1379.17894737 3449.24210526
25 1201.76842105 1379.55789474 3347.05263158
26 1196.08421053 1377.22105263 3302.33684211
27 1209.72631579 1373.62105263 3361.38947368
28 1192.10526316 1380.31578947 3529.01052632
29 1207.26315789 1382.27368421 3359.68421053
30 1198.98947368 1379.36842105 3289.2
31 1202.84210526 1374 3350.84210526
32 1195.38947368 1373.74736842 3378.31578947
33 1210.8 1380.25263158 3350.4
34 1190.65263158 1379.17894737 3354.50526316
35 1201.07368421 1377.85263158 3334.73684211
36 1194 1369.89473684 3450.75789474
37 1204.35789474 1371.97894737 3437.93684211
38 1191.6 1376.58947368 3507.28421053
39 1203.72631579 1377.78947368 3382.67368421
40 1197.47368421 1377.22105263 3319.2
41 1200.94736842 1368.50526316 3354.44210526
42 1197.97894737 1374 3332.21052632
43 1206.82105263 1379.05263158 3409.83157895
44 1188.50526316 1380 3356.84210526
45 1202.90526316 1376.90526316 3362.33684211
46 1198.67368421 1372.92631579 3340.92631579
47 1202.21052632 1377.91578947 3421.2
48 1188.50526316 1377.6 3316.29473684
49 1205.30526316 1379.55789474 3317.17894737
50 1192.8 1359.41052632 3315.85263158
51 1199.43157895 1298.02105263 3263.43157895
52 1194.25263158 1304.02105263 3274.73684211
53 1203.6 1299.41052632 3303.15789474
54 1192.42105263 1303.51578947 3400.29473684
55 1201.76842105 1265.55789474 3310.73684211
56 1205.36842105 1229.93684211 3383.05263158
57 1195.32631579 1226.08421053 3311.43157895
58 1206.37894737 1287.15789474 3314.33684211
59 1194.06315789 1477.32631579 3288.69473684
60 1202.33684211 1468.86315789 3275.55789474
61 1196.77894737 1469.43157895 3334.10526316
62 1201.32631579 1462.35789474 3321.72631579
63 1192.35789474 1468.8 3327.91578947
64 1208.02105263 1469.49473684 3276.06315789
65 1188.56842105 1464.50526316 3295.70526316
66 1198.98947368 1460.14736842 3438.37894737
67 1195.57894737 1466.4 3315.97894737
68 1197.72631579 1467.91578947 3330.44210526
69 1193.05263158 1466.21052632 3444.50526316
70 1205.49473684 1459.83157895 3292.98947368
71 1190.14736842 1461.28421053 3329.55789474
72 1200.25263158 1465.57894737 3334.29473684
73 1196.4 1470.50526316 3297.53684211
74 1194.06315789 1465.64210526 3327.78947368
75 1189.45263158 1462.8 3278.71578947
76 1199.11578947 1462.35789474 3293.11578947
77 1184.33684211 1469.30526316 3359.36842105
78 1200.88421053 1468.16842105 3307.01052632
79 1189.2 1466.02105263 3331.2
80 1196.46315789 1457.81052632 3427.13684211
81 1195.64210526 1464.69473684 3394.48421053
82 1194.69473684 1466.27368421 3378.56842105
83 1189.57894737 1467.47368421 3367.64210526
84 1203.53684211 1474.35789474 3273.53684211
85 1187.68421053 1476.50526316 3412.42105263
86 1198.67368421 1494.56842105 3318.31578947
87 1194.69473684 1495.13684211 3318.18947368
88 1197.15789474 1495.07368421 3381.41052632
89 1192.10526316 1495.38947368 3300.94736842
90 1200.44210526 1486.48421053 3357.72631579
91 1190.96842105 1593.15789474 3312.88421053
92 1195.76842105 1571.93684211 3348
93 1198.16842105 1575.47368421 3312
94 1188.25263158 1572.25263158 3272.46315789
95 1200.88421053 1565.49473684 3403.13684211
96 1187.30526316 1570.73684211 3432.50526316
97 1195.01052632 1572.44210526 3434.84210526
98 1191.03157895 1570.8 3428.52631579
99 1193.05263158 1564.04210526 3382.48421053
100 1183.01052632 1566.82105263 3301.70526316
101 1198.48421053 1572.50526316 3363.28421053
102 1183.95789474 1571.87368421 3328.35789474
103 1196.14736842 1567.51578947 3345.15789474
104 1193.24210526 1566.25263158 3372.06315789
105 1191.78947368 1572.63157895 3412.8
106 1187.93684211 1570.8 3418.67368421
107 1198.04210526 1567.32631579 3467.05263158
108 1184.71578947 1563.28421053 3367.89473684
109 1198.10526316 1569.34736842 3364.16842105
110 1191.78947368 1567.95789474 3346.54736842
111 1192.54736842 1567.32631579 3380.21052632
112 1187.05263158 1580.02105263 3295.26315789
113 1192.23157895 1591.38947368 3395.81052632
114 1184.02105263 1601.62105263 3333.22105263
115 1200.37894737 1580.84210526 3325.26315789
116 1184.14736842 1571.11578947 3323.49473684
117 1197.34736842 1583.43157895 3359.93684211
118 1190.33684211 1583.62105263 3335.62105263
119 1193.24210526 1584.06315789 3326.65263158
120 1191.03157895 1582.16842105 3363.78947368
121 1199.36842105 1583.11578947 3379.45263158
122 1183.2 1583.81052632 3323.36842105
123 1198.86315789 1584.12631579 3347.36842105
124 1185.78947368 1592.14736842 3334.92631579
125 1193.93684211 1593.85263158 3339.09473684
126 1190.21052632 1588.35789474 3324.44210526
127 1192.16842105 1589.43157895 3346.29473684
128 1190.33684211 1595.81052632 3338.14736842
129 1190.58947368 1589.36842105 3370.10526316
130 1191.6 1583.74736842 3376.67368421
131 1183.57894737 1593.22105263 3404.14736842
132 1201.13684211 1586.33684211 3338.08421053
133 1181.87368421 1588.23157895 3444
134 1197.53684211 1593.09473684 3443.55789474
135 1190.08421053 1580.46315789 3384.18947368
136 1192.10526316 1584.44210526 3509.43157895
137 1189.32631579 1587.41052632 3476.84210526
138 1193.24210526 1580.14736842 3422.08421053
139 1184.52631579 1587.41052632 3347.24210526
140 1198.98947368 1591.70526316 3355.64210526
141 1182.88421053 1586.02105263 3398.4
142 1192.98947368 1594.10526316 3470.02105263
143 1195.89473684 1584.25263158 3422.96842105
144 1190.84210526 1577.87368421 3424.98947368
145 1190.33684211 1584 3374.21052632
146 1192.29473684 1571.68421053 3396.69473684
147 1184.52631579 1576.23157895 3468.69473684
148 1200.44210526 1587.78947368 3388.04210526
149 1181.05263158 1570.42105263 3381.91578947
150 1198.42105263 1574.96842105 3371.30526316
151 1184.52631579 1580.65263158 3357.91578947
152 1194.18947368 1575.03157895 3377.81052632
153 1191.09473684 1572.37894737 3349.64210526
154 1190.46315789 1572.12631579 3383.81052632
155 1186.10526316 1566.94736842 3370.54736842
156 1197.91578947 1586.14736842 3367.76842105
157 1181.11578947 1580.77894737 3385.76842105
158 1198.92631579 1574.77894737 3367.01052632
159 1181.87368421 1574.84210526 3393.53684211
160 1196.52631579 1576.04210526 3369.78947368
161 1189.83157895 1573.01052632 3386.21052632
162 1188.50526316 1573.45263158 3384.56842105
163 1188.37894737 1565.55789474 3390.63157895
164 1188.12631579 1587.78947368 3409.07368421
165 1190.84210526 1590.25263158 3398.96842105
166 1187.87368421 1573.76842105 3368.90526316
167 1190.08421053 1511.62105263 3376.42105263
168 1186.42105263 1497.47368421 3384.37894737
169 1191.28421053 1515.97894737 3383.11578947
170 1181.24210526 1515.09473684 3364.73684211
171 1196.77894737 1495.57894737 3370.23157895
172 1179.97894737 1499.68421053 3361.76842105
173 1192.92631579 1505.62105263 3389.68421053
174 1182.37894737 1512.63157895 3372
175 1189.32631579 1514.84210526 3363.22105263
176 1186.35789474 1506 3370.67368421
177 1189.64210526 1513.07368421 3349.64210526
178 1184.77894737 1503.85263158 3369.03157895
179 1194.25263158 1476.50526316 3411.47368421
180 1177.57894737 1432.98947368 3422.33684211
181 1190.21052632 1438.73684211 3400.35789474
182 1175.81052632 1447.89473684 3385.38947368
183 1185.85263158 1438.54736842 3397.38947368
184 1185.72631579 1442.02105263 3396.44210526
185 1187.68421053 1452.25263158 3410.27368421
186 1179.97894737 1436.52631579 3382.42105263
187 1190.14736842 1447.2 3377.87368421
188 1176.44210526 1440.63157895 3390.63157895
189 1196.96842105 1437.6 3400.48421053
190 1173.97894737 1441.13684211 3379.2
191 1189.32631579 1440.56842105 3385.83157895
192 1181.36842105 1445.93684211 3374.96842105
193 1188.94736842 1434.94736842 3380.33684211
194 1187.17894737 1454.33684211 3368.33684211
195 1184.46315789 1461.03157895 3366.94736842
196 1181.43157895 1452.18947368 3372.12631579
197 1190.65263158 1462.54736842 3381.03157895
198 1177.01052632 1450.98947368 3366.12631579
199 1194.82105263 1449.91578947 3375.47368421
200 1176.82105263 1450.48421053 3367.13684211
201 1181.81052632 1437.09473684 3388.29473684
202 1187.43157895 1451.24210526 3374.27368421
203 1175.49473684 1451.62105263 3387.85263158
204 1192.54736842 1440.56842105 3388.23157895
205 1172.58947368 1442.02105263 3402.63157895
206 1186.29473684 1437.15789474 3379.76842105
207 1177.95789474 1447.57894737 3382.73684211
208 1182.37894737 1448.46315789 3365.05263158
209 1182.56842105 1448.21052632 3376.48421053
210 1185.03157895 1431.47368421 3411.09473684
211 1179.09473684 1445.93684211 3387.97894737
212 1192.92631579 1434.88421053 3375.6
213 1180.35789474 1444.54736842 3379.45263158
214 1195.57894737 1440.63157895 3369.72631579
215 1177.64210526 1430.02105263 3362.27368421
216 1186.92631579 1428.88421053 3384.12631579
217 1183.13684211 1437.6 3378.56842105
218 1184.52631579 1430.14736842 3372.12631579
219 1182.75789474 1437.66315789 3381.22105263
220 1188.18947368 1439.62105263 3372.63157895
221 1178.21052632 1430.84210526 3392.21052632
222 1193.68421053 1433.36842105 3454.04210526
223 1174.48421053 1435.83157895 3471.03157895
224 1186.98947368 1427.55789474 3406.73684211
225 1181.68421053 1434.82105263 3410.90526316
226 1182.12631579 1433.68421053 3407.68421053
227 1180.29473684 1429.89473684 3378.50526316
228 1184.46315789 1436.58947368 3367.32631579
229 1178.77894737 1431.53684211 3397.45263158
230 1190.58947368 1428 3382.98947368
231 1171.83157895 1435.07368421 3386.77894737
232 1187.62105263 1424.96842105 3374.58947368
233 1176.82105263 1428.50526316 3381.28421053
234 1182.37894737 1438.16842105 3379.64210526
235 1183.13684211 1429.57894737 3372.31578947
236 1181.24210526 1431.28421053 3373.51578947
237 1179.85263158 1436.21052632 3385.83157895
238 1182.88421053 1424.84210526 3382.29473684
239 1181.55789474 1434 3376.23157895
240 1182.44210526 1436.65263158 3388.92631579
241 1181.55789474 1427.93684211 3407.30526316
242 1176.82105263 1432.48421053 3402.75789474
243 1186.92631579 1436.21052632 3413.49473684
244 1172.33684211 1424.71578947 3402.06315789
245 1185.53684211 1433.68421053 3491.55789474
246 1177.95789474 1434.56842105 3414.12631579
247 1182.25263158 1425.72631579 3416.08421053
248 1180.92631579 1432.23157895 3389.24210526
249 1185.28421053 1432.04210526 3404.02105263
250 1174.29473684 1424.4 3382.04210526
251 1190.71578947 1433.68421053 3378.94736842
252 1172.52631579 1433.30526316 3370.73684211
253 1188.12631579 1421.55789474 3387.6
254 1180.67368421 1428.75789474 3385.76842105
255 1182.50526316 1432.23157895 3356.02105263
256 1176.94736842 1424.21052632 3377.17894737
257 1181.24210526 1431.03157895 3380.71578947
258 1169.43157895 1438.8 3381.66315789
259 1185.97894737 1432.8 3372.25263158
260 1173.91578947 1432.04210526 3398.52631579
261 1181.17894737 1426.42105263 3388.16842105
262 1177.51578947 1419.28421053 3372.44210526
263 1178.02105263 1423.76842105 3432.88421053
264 1171.26315789 1425.53684211 3464.21052632
265 1181.17894737 1425.53684211 3399.6
266 1168.42105263 1420.42105263 3392.02105263
267 1186.92631579 1421.93684211 3370.29473684
268 1170.63157895 1424.33684211 3380.02105263
269 1181.36842105 1422.94736842 3389.62105263
270 1178.21052632 1418.08421053 3455.49473684
271 1180.04210526 1423.38947368 3438.88421053
272 1173.15789474 1424.65263158 3511.45263158
273 1188.50526316 1426.35789474 3425.24210526
274 1178.08421053 1420.98947368 3344.14736842
275 1178.33684211 1420.16842105 3527.62105263
276 1187.11578947 1426.04210526 3386.08421053
277 1171.89473684 1429.01052632 3391.26315789
278 1185.91578947 1428 3346.67368421
279 1170.12631579 1425.34736842 3384
280 1179.03157895 1424.4 3323.55789474
281 1176.82105263 1427.62105263 3412.98947368
282 1178.65263158 1426.04210526 3374.21052632
283 1174.35789474 1427.62105263 3482.77894737
284 1186.86315789 1419.78947368 3309.15789474
285 1169.05263158 1419.47368421 3372.18947368
286 1185.6 1428.44210526 3381.09473684
287 1174.16842105 1428.12631579 3389.74736842
288 1179.53684211 1423.32631579 3449.81052632
289 1177.89473684 1422.25263158 3440.52631579
290 1177.76842105 1423.07368421 3464.84210526
291 1171.70526316 1426.54736842 3484.98947368
292 1185.03157895 1423.76842105 3485.43157895
293 1169.05263158 1419.41052632 3425.05263158
294 1184.77894737 1417.13684211 3362.46315789
295 1178.08421053 1424.46315789 3378.25263158
296 1181.49473684 1423.89473684 3375.66315789
297 1178.4 1423.13684211 3411.91578947
298 1183.32631579 1419.34736842 3390.63157895
299 1172.33684211 1415.36842105 3390.82105263
300 1192.16842105 1418.27368421 3376.67368421
301 1171.89473684 1421.49473684 3415.57894737
302 1184.96842105 1420.48421053 3435.6
303 1176.82105263 1421.17894737 3392.90526316
304 1179.53684211 1416.50526316 3420.25263158
305 1174.86315789 1418.02105263 3399.85263158
306 1185.72631579 1422.44210526 3397.95789474
307 1173.97894737 1419.66315789 3464.65263158
308 1187.62105263 1423.51578947 3458.21052632
309 1171.32631579 1419.09473684 3462.63157895
310 1184.90526316 1416.25263158 3398.27368421
311 1189.83157895 1422.75789474 3400.98947368
312 1172.08421053 1420.61052632 3334.61052632
313 1183.89473684 1419.41052632 3459.28421053
314 1175.05263158 1419.85263158 3492.56842105
315 1179.09473684 1418.4 3411.09473684
316 1179.6 1416.63157895 3367.01052632
317 1176.44210526 1418.52631579 3399.41052632
318 1175.49473684 1420.8 3460.86315789
319 1182.94736842 1416.56842105 3405.47368421
320 1167.15789474 1417.13684211 3376.10526316
321 1185.34736842 1422.56842105 3393.09473684
322 1171.38947368 1419.22105263 3358.67368421
323 1183.64210526 1424.33684211 3376.35789474
324 1176.56842105 1417.01052632 3349.13684211
325 1179.47368421 1423.13684211 3344.96842105
326 1169.24210526 1423.70526316 3325.13684211
327 1184.52631579 1422 3337.83157895
328 1169.11578947 1423.2 3324.88421053
329 1183.07368421 1424.27368421 3361.83157895
330 1174.86315789 1422.12631579 3343.83157895
331 1179.41052632 1418.27368421 3330.12631579
332 1179.78947368 1420.04210526 3345.03157895
333 1179.91578947 1422.31578947 3361.01052632
334 1171.32631579 1419.28421053 3383.74736842
335 1188.12631579 1422.25263158 3379.32631579
336 1171.26315789 1419.97894737 3459.41052632
337 1183.32631579 1418.71578947 3430.67368421
338 1177.64210526 1413.41052632 3414
339 1179.03157895 1416.18947368 3427.95789474
340 1171.83157895 1418.71578947 3419.81052632
341 1178.96842105 1420.67368421 3434.71578947
342 1166.96842105 1421.24210526 3454.54736842
343 1185.85263158 1418.84210526 3452.33684211
344 1168.23157895 1416.06315789 3449.93684211
345 1182.12631579 1417.45263158 3493.51578947
346 1179.85263158 1415.74736842 3374.71578947
347 1173.47368421 1418.90526316 3396.25263158
348 1183.13684211 1422.25263158 3395.24210526
349 1177.13684211 1424.14736842 3430.73684211
350 1179.28421053 1424.46315789 3434.65263158
351 1174.86315789 1422.50526316 3408.82105263
352 1178.96842105 1419.53684211 3380.96842105
353 1173.41052632 1419.22105263 3368.02105263
354 1188.69473684 1421.05263158 3348.12631579
355 1172.4 1426.67368421 3376.92631579
356 1182.69473684 1423.76842105 3365.36842105
357 1178.90526316 1418.08421053 3366.94736842
358 1183.26315789 1418.96842105 3377.11578947
359 1175.55789474 1422.44210526 3363.78947368
360 1192.98947368 1416.94736842 3370.10526316
361 1168.42105263 1419.28421053 3424.42105263
362 1184.84210526 1415.68421053 3411.6
363 1176.06315789 1415.87368421 3385.70526316
364 1182.50526316 1418.21052632 3380.71578947
365 1181.11578947 1422.37894737 3392.46315789
366 1181.62105263 1419.91578947 3368.33684211
367 1173.91578947 1414.86315789 3362.96842105
368 1185.91578947 1414.98947368 3360.56842105
369 1171.45263158 1419.53684211 3372.63157895
370 1184.84210526 1420.16842105 3367.32631579
371 1180.54736842 1421.05263158 3378.37894737
372 1178.4 1422.44210526 3343.64210526
373 1174.8 1419.03157895 3366.18947368
374 1185.66315789 1418.02105263 3384
375 1169.30526316 1421.43157895 3410.02105263
376 1189.26315789 1421.93684211 3370.42105263
377 1177.38947368 1422.75789474 3409.26315789
378 1180.48421053 1424.27368421 3367.51578947
379 1174.86315789 1421.87368421 3418.29473684
380 1185.34736842 1416.44210526 3526.86315789
381 1173.78947368 1421.87368421 3448.42105263
382 1188.75789474 1421.87368421 3423.41052632
383 1176.50526316 1423.70526316 3392.08421053
384 1174.98947368 1425.41052632 3425.24210526
385 1185.47368421 1425.22105263 3413.11578947
386 1172.21052632 1421.24210526 3337.32631579
387 1183.07368421 1419.85263158 3372.88421053
388 1182.56842105 1420.86315789 3428.21052632
389 1182 1419.09473684 3434.27368421
390 1178.4 1423.26315789 3360.94736842
391 1187.62105263 1421.62105263 3413.81052632
392 1171.13684211 1418.77894737 3380.08421053
393 1192.73684211 1419.03157895 3368.33684211
394 1171.51578947 1418.71578947 3334.16842105
395 1182.82105263 1417.57894737 3364.86315789
396 1180.54736842 1422.25263158 3362.46315789
397 1182.06315789 1420.8 3409.2
398 1174.98947368 1417.83157895 3402.94736842
399 1187.43157895 1420.23157895 3365.36842105
400 1171.13684211 1417.13684211 3370.92631579
401 1188.75789474 1416.44210526 3430.16842105
402 1172.58947368 1415.30526316 3460.04210526
403 1181.43157895 1413.97894737 3384.50526316
404 1180.8 1415.43157895 3424.29473684
405 1177.26315789 1417.38947368 3436.73684211
406 1172.90526316 1416.12631579 3420.63157895
407 1187.87368421 1418.14736842 3391.70526316
408 1171.38947368 1420.35789474 3345.41052632
409 1184.58947368 1417.13684211 3408.06315789
410 1179.66315789 1414.98947368 3449.49473684
411 1180.73684211 1418.33684211 3418.10526316
412 1178.08421053 1417.2 3400.04210526
413 1182.18947368 1418.02105263 3447.15789474
414 1173.28421053 1416.69473684 3372.50526316
415 1190.08421053 1415.11578947 3470.02105263
416 1174.42105263 1417.76842105 3550.54736842
417 1185.91578947 1420.04210526 3485.17894737
418 1181.24210526 1418.58947368 3491.62105263
419 1181.87368421 1420.10526316 3564.94736842
420 1185.15789474 1415.11578947 3372.37894737
421 1183.07368421 1417.32631579 3326.4
422 1184.52631579 1417.2 3308.52631579
423 1184.52631579 1419.28421053 3309.41052632
424 1187.24210526 1420.92631579 3304.61052632
425 1173.85263158 1414.42105263 3303.28421053
426 1189.51578947 1417.2 3279.03157895
427 1176.18947368 1418.52631579 3283.51578947
428 1186.16842105 1413.85263158 3276.94736842
429 1180.8 1424.46315789 3318.37894737
430 1184.4 1416.25263158 3361.57894737
431 1175.30526316 1417.89473684 3500.4
432 1193.93684211 1418.33684211 3496.67368421
433 1172.71578947 1418.27368421 3470.65263158
434 1186.23157895 1417.07368421 3477.53684211
435 1174.35789474 1413.97894737 3458.27368421
436 1180.98947368 1417.38947368 3468.44210526
437 1176.25263158 1419.85263158 3461.43157895
438 1184.08421053 1421.05263158 3471.78947368
439 1170.63157895 1417.38947368 3468.37894737
440 1187.55789474 1415.81052632 3500.58947368
441 1171.13684211 1416.37894737 3549.66315789
442 1182.82105263 1415.17894737 3502.29473684
443 1181.43157895 1416.50526316 3605.36842105
444 1179.91578947 1418.27368421 3487.64210526
445 1177.45263158 1416.63157895 3489.72631579
446 1189.89473684 1413.72631579 3471.6
447 1173.6 1418.21052632 3392.27368421
448 1192.54736842 1416.37894737 3270.50526316
449 1180.48421053 1419.66315789 3307.89473684
450 1187.36842105 1416.31578947 3276.44210526
451 1180.61052632 1415.30526316 3430.73684211
452 1188.94736842 1417.89473684 3404.02105263
453 1179.6 1417.45263158 3400.23157895
454 1196.90526316 1419.97894737 3334.73684211
455 1176.37894737 1415.74736842 3438.12631579
456 1185.85263158 1416.06315789 3397.64210526
457 1189.01052632 1418.4 3374.77894737
458 1176.18947368 1417.45263158 3346.23157895
459 1190.52631579 1420.86315789 3258.94736842
460 1186.04210526 1418.84210526 3264.69473684
461 1184.77894737 1417.83157895 3336.56842105
462 1178.21052632 1414.23157895 3306.94736842
463 1185.91578947 1415.43157895 3433.26315789
464 1174.48421053 1416.25263158 3464.96842105
465 1189.38947368 1424.58947368 3441.66315789
466 1174.10526316 1420.04210526 3377.36842105
467 1183.32631579 1423.38947368 3334.67368421
468 1179.22105263 1417.64210526 3344.90526316
469 1182.75789474 1424.46315789 3342
470 1175.05263158 1420.29473684 3399.97894737
471 1190.46315789 1423.38947368 3368.33684211
472 1173.15789474 1429.07368421 3346.61052632
473 1187.74736842 1432.10526316 3325.13684211
474 1177.07368421 1430.90526316 3268.54736842
475 1182.75789474 1417.13684211 3261.85263158
476 1179.47368421 1423.07368421 3261.47368421
477 1187.74736842 1422 3268.35789474
478 1175.62105263 1413.6 3251.81052632
479 1190.14736842 1417.38947368 3276.75789474
480 1178.90526316 1410.94736842 3253.89473684
481 1183.45263158 1411.13684211 3288.44210526
482 1185.66315789 1412.84210526 3364.61052632
483 1184.27368421 1412.58947368 3527.55789474
484 1176.50526316 1414.8 3358.61052632
485 1192.67368421 1416.63157895 3362.65263158
486 1176.06315789 1412.77894737 3325.38947368
487 1187.24210526 1412.02105263 3314.02105263
488 1184.02105263 1415.05263158 3406.8
489 1181.05263158 1413.97894737 3381.97894737
490 1177.70526316 1415.81052632 3338.08421053
491 1186.8 1415.49473684 3397.13684211
492 1177.95789474 1412.46315789 3303.97894737
493 1181.55789474 1412.21052632 3317.43157895
494 1190.21052632 1414.8 3272.08421053
495 1173.78947368 1416.12631579 3388.54736842
496 1183.64210526 1410.63157895 3516.75789474
497 1178.33684211 1408.61052632 3319.57894737
498 1180.54736842 1411.76842105 3372.69473684
499 1173.47368421 1411.76842105 3329.93684211
500 1191.85263158 1412.52631579 3356.27368421
501 1172.58947368 1418.90526316 3394.16842105
502 1182.88421053 1416.06315789 3510.63157895
503 1178.02105263 1416.31578947 3371.11578947
504 1182.69473684 1414.61052632 3332.84210526
505 1175.17894737 1415.68421053 3300.63157895
506 1190.27368421 1418.27368421 3281.74736842
507 1176.56842105 1415.62105263 3293.87368421
508 1183.45263158 1415.55789474 3313.57894737
509 1177.01052632 1414.23157895 3314.65263158
510 1192.67368421 1411.70526316 3273.47368421
511 1175.43157895 1411.89473684 3361.57894737
512 1188.56842105 1415.24210526 3374.58947368
513 1178.65263158 1410.56842105 3301.95789474
514 1184.33684211 1413.15789474 3302.14736842
515 1179.03157895 1416.56842105 3284.33684211
516 1190.65263158 1415.24210526 3276.69473684
517 1171.89473684 1413.41052632 3272.71578947
518 1185.97894737 1413.09473684 3269.68421053
519 1176.25263158 1412.21052632 3261.28421053
520 1179.28421053 1412.71578947 3305.30526316
521 1174.35789474 1414.61052632 3379.2
522 1185.53684211 1415.49473684 3274.8
523 1168.23157895 1414.61052632 3262.23157895
524 1182.06315789 1414.23157895 3349.26315789
525 1177.89473684 1417.51578947 3460.61052632
526 1178.84210526 1415.30526316 3446.71578947
527 1174.23157895 1411.01052632 3291.85263158
528 1185.53684211 1410.06315789 3266.21052632
529 1175.74736842 1411.07368421 3267.15789474
530 1172.58947368 1410.69473684 3261.28421053
531 1186.23157895 1410.06315789 3380.96842105
532 1173.91578947 1412.33684211 3481.64210526
533 1181.11578947 1412.71578947 3443.81052632
534 1174.10526316 1411.01052632 3306.88421053
535 1185.41052632 1410.94736842 3260.96842105
536 1172.27368421 1411.51578947 3235.13684211
537 1184.84210526 1408.61052632 3354.69473684
538 1182.82105263 1410.37894737 3277.2
539 1182.44210526 1407.28421053 3213.09473684
540 1174.42105263 1409.62105263 3260.58947368
541 1185.78947368 1414.67368421 3246.06315789
542 1175.74736842 1406.84210526 3240.37894737
543 1182.31578947 1408.92631579 3266.90526316
544 1179.09473684 1408.86315789 3249.15789474
545 1181.43157895 1408.23157895 3245.17894737
546 1174.16842105 1410.88421053 3236.77894737
547 1185.34736842 1409.36842105 3256.16842105
548 1177.07368421 1407.66315789 3307.13684211
549 1182.44210526 1404.50526316 3375.22105263
550 1175.87368421 1408.92631579 3518.71578947
551 1189.07368421 1408.35789474 3360.69473684
552 1172.27368421 1407.66315789 3242.77894737
553 1185.09473684 1405.70526316 3437.36842105
554 1175.62105263 1405.45263158 3373.83157895
555 1178.96842105 1408.35789474 3360.69473684
556 1170.94736842 1407.72631579 3370.35789474
557 1187.24210526 1403.87368421 3401.17894737
558 1170.88421053 1409.81052632 3261.91578947
559 1179.53684211 1411.64210526 3311.49473684
560 1177.89473684 1411.83157895 3286.04210526
561 1180.61052632 1410.06315789 3340.10526316
562 1172.4 1407.15789474 3362.33684211
563 1186.10526316 1407.78947368 3358.8
564 1174.73684211 1409.11578947 3341.55789474
565 1175.87368421 1412.02105263 3370.61052632
566 1181.17894737 1410.12631579 3337.32631579
567 1179.09473684 1403.93684211 3355.13684211
568 1180.54736842 1405.89473684 3343.38947368
569 1171.83157895 1406.33684211 3370.67368421
570 1186.98947368 1411.38947368 3312.31578947
571 1169.87368421 1410.94736842 3287.30526316
572 1179.85263158 1406.52631579 3271.83157895
573 1176.44210526 1407.28421053 3305.74736842
574 1186.54736842 1408.42105263 3300.44210526
575 1170.44210526 1412.21052632 3348.06315789
576 1182.37894737 1412.21052632 3358.23157895
577 1181.87368421 1407.47368421 3403.89473684
578 1180.73684211 1181.81052632 3366.25263158
579 1173.15789474 938.273684211 3353.36842105
580 1183.01052632 942.378947368 3358.35789474
581 1175.43157895 943.010526316 3356.58947368
582 1180.35789474 937.957894737 3311.49473684
583 1172.71578947 938.715789474 3325.83157895
584 1185.28421053 937.768421053 3327.15789474
585 1175.62105263 940.294736842 3345.34736842
586 1179.72631579 941.810526316 3314.65263158
587 1173.15789474 941.810526316 3298.98947368
588 1185.97894737 940.610526316 3335.49473684
589 1171.70526316 940.863157895 3364.92631579
590 1180.8 942.757894737 3329.17894737
591 1173.97894737 942.884210526 3305.49473684
592 1184.96842105 938.526315789 3299.87368421
593 1169.55789474 939.915789474 3327.22105263
594 1183.51578947 941.052631579 3317.68421053
595 1178.52631579 940.989473684 3321.34736842
596 1181.81052632 941.557894737 3302.46315789
597 1176.69473684 939.536842105 3354.31578947
598 1189.26315789 942.442105263 3327.22105263
599 1172.71578947 939.347368421 3305.87368421
600 1181.11578947 944.463157895 3331.83157895
601 1179.41052632 944.336842105 3322.10526316
602 1182.56842105 941.494736842 3334.73684211
603 1180.04210526 941.621052632 3330.50526316
604 1174.04210526 940.168421053 3334.35789474
605 1187.36842105 943.136842105 3328.23157895
606 1170.12631579 943.452631579 3315.41052632
607 1182.50526316 939.663157895 3326.77894737
608 1178.27368421 938.589473684 3309.34736842
609 1178.90526316 939.410526316 3329.87368421
610 1174.98947368 940.863157895 3326.84210526
611 1187.43157895 938.336842105 3309.15789474
612 1174.42105263 932.968421053 3323.24210526
613 1181.43157895 936.126315789 3333.72631579
614 1173.03157895 939.094736842 3307.07368421
615 1183.83157895 941.621052632 3340.48421053
616 1171.95789474 938.463157895 3328.16842105
617 1181.62105263 940.421052632 3366.50526316
618 1179.15789474 940.231578947 3336.88421053
619 1178.65263158 940.294736842 3327.47368421
620 1172.71578947 940.736842105 3316.92631579
621 1186.23157895 937.957894737 3329.43157895
622 1173.47368421 939.978947368 3344.96842105
623 1180.16842105 936.821052632 3332.58947368
624 1173.22105263 940.294736842 3327.47368421
625 1187.11578947 941.557894737 3357.6
626 1171.64210526 944.778947368 3332.58947368
627 1180.54736842 941.305263158 3314.71578947
628 1174.35789474 941.115789474 3300.69473684
629 1179.09473684 941.621052632 3347.17894737
630 1170.63157895 939.536842105 3342.94736842
631 1183.76842105 942.126315789 3335.30526316
632 1178.90526316 943.389473684 3342.31578947
633 1180.67368421 945.536842105 3358.73684211
634 1174.42105263 945.221052632 3341.74736842
635 1186.48421053 941.873684211 3321.91578947
636 1173.53684211 941.052631579 3353.36842105
637 1181.81052632 941.115789474 3360
638 1185.09473684 944.589473684 3340.92631579
639 1176.12631579 946.547368421 3362.14736842
640 1180.16842105 945.221052632 3365.74736842
641 1172.4 943.326315789 3378.56842105
642 1184.21052632 942.378947368 3351.78947368
643 1169.74736842 942.884210526 3350.84210526
644 1181.81052632 938.968421053 3342.94736842
645 1177.32631579 938.778947368 3377.87368421
646 1180.23157895 945.789473684 3360.31578947
647 1172.90526316 941.621052632 3355.01052632
648 1186.54736842 941.242105263 3346.48421053
649 1172.08421053 943.957894737 3436.54736842
650 1181.36842105 942.252631579 3389.68421053
651 1180.16842105 946.105263158 3400.10526316
652 1180.48421053 940.547368421 3400.29473684
653 1173.72631579 944.589473684 3424.04210526
654 1187.62105263 948 3342.88421053
655 1174.92631579 943.894736842 3315.66315789
656 1182.06315789 937.705263158 3307.2
657 1179.41052632 939.915789474 3371.05263158
658 1186.92631579 939.094736842 3350.84210526
659 1173.6 942.378947368 3354.50526316
660 1187.49473684 943.768421053 3372.06315789
661 1172.96842105 941.747368421 3377.05263158
662 1182.06315789 942.821052632 3351.53684211
663 1176.25263158 944.147368421 3355.07368421
664 1183.01052632 941.621052632 3324.94736842
665 1170.37894737 944.210526316 3360.69473684
666 1183.01052632 943.2 3348.63157895
667 1177.83157895 939.094736842 3322.86315789
668 1180.8 938.589473684 3327.47368421
669 1173.6 938.589473684 3344.65263158
670 1181.87368421 941.873684211 3341.68421053
671 1167.91578947 939.473684211 3356.90526316
672 1183.64210526 940.168421053 3329.49473684
673 1174.67368421 942.378947368 3322.67368421
674 1179.72631579 941.305263158 3346.10526316
675 1176.18947368 941.936842105 3347.30526316
676 1181.74736842 940.926315789 3347.30526316
677 1179.47368421 940.8 3332.21052632
678 1177.45263158 943.326315789 3351.66315789
679 1185.47368421 944.210526316 3320.96842105
680 1172.90526316 938.4 3361.26315789
681 1182.88421053 940.421052632 3336.25263158
682 1180.23157895 939.915789474 3331.83157895
683 1182.75789474 941.621052632 3343.32631579
684 1176.06315789 942.189473684 3338.14736842
685 1191.85263158 944.968421053 3335.17894737
686 1175.05263158 945.978947368 3339.72631579
687 1182.69473684 941.621052632 3316.61052632
688 1179.15789474 940.357894737 3321.03157895
689 1181.68421053 944.842105263 3338.96842105
690 1171.57894737 939.915789474 3327.78947368
691 1183.01052632 939.6 3342.75789474
692 1174.29473684 944.210526316 3346.42105263
693 1178.14736842 942.252631579 3350.02105263
694 1174.61052632 940.989473684 3340.98947368
695 1186.23157895 938.336842105 3335.24210526
696 1167.34736842 943.768421053 3356.96842105
697 1181.05263158 939.536842105 3368.71578947
698 1175.81052632 940.736842105 3329.87368421
699 1180.29473684 940.105263158 3318.44210526
700 1168.35789474 939.221052632 3329.43157895
701 1184.71578947 935.873684211 3337.2
702 1176.75789474 934.168421053 3333.03157895
703 1182.50526316 939.915789474 3356.14736842
704 1177.57894737 941.684210526 3362.90526316
705 1187.68421053 942.947368421 3338.84210526
706 1173.53684211 940.484210526 3342.82105263
707 1186.04210526 939.852631579 3337.26315789
708 1181.81052632 943.578947368 3327.41052632
709 1184.46315789 945.031578947 3325.13684211
710 1176.25263158 938.4 3322.8
711 1189.70526316 934.421052632 3311.24210526
712 1181.55789474 941.178947368 3318.88421053
713 1177.57894737 947.242105263 3345.53684211
714 1188.69473684 945.284210526 3305.93684211
715 1172.58947368 942.757894737 3325.2
716 1180.04210526 941.936842105 3325.2
717 1177.32631579 943.768421053 3384.37894737
718 1182.12631579 944.273684211 3376.92631579
719 1166.96842105 943.326315789 3333.97894737
720 1184.58947368 938.021052632 3326.90526316
721 1175.24210526 940.484210526 3379.70526316
722 1179.66315789 940.294736842 3341.11578947
723 1174.10526316 945.157894737 3323.30526316
724 1186.04210526 946.989473684 3340.42105263
725 1171.70526316 939.284210526 3337.83157895
726 1183.32631579 939.284210526 3322.42105263
727 1180.86315789 936.757894737 3321.41052632
728 1179.28421053 938.589473684 3337.76842105
729 1177.38947368 942.505263158 3328.16842105
730 1189.07368421 940.231578947 3339.78947368
731 1177.64210526 938.526315789 3338.96842105
732 1187.43157895 943.263157895 3316.04210526
733 1184.90526316 945.094736842 3347.49473684
734 1183.89473684 941.810526316 3346.29473684
735 1179.6 943.2 3346.67368421
736 1191.47368421 940.357894737 3338.77894737
737 1177.95789474 936.694736842 3325.32631579
738 1186.10526316 940.484210526 3329.36842105
739 1185.66315789 942 3358.86315789
740 1185.47368421 940.105263158 3374.14736842
741 1178.46315789 941.178947368 3384.50526316
742 1188.06315789 941.305263158 3341.87368421
743 1177.51578947 945.031578947 3395.43157895
744 1182.37894737 944.273684211 3347.74736842
745 1180.16842105 943.705263158 3379.95789474
746 1187.68421053 938.778947368 3367.89473684
747 1176.06315789 937.389473684 3352.61052632
748 1182.37894737 938.968421053 3338.77894737
749 1185.22105263 943.263157895 3344.58947368
750 1172.65263158 940.168421053 3337.83157895
751 1191.53684211 944.336842105 3324.25263158
752 1175.43157895 943.831578947 3310.29473684
753 1184.71578947 941.621052632 3346.73684211
754 1178.77894737 946.357894737 3359.17894737
755 1185.41052632 942.126315789 3326.14736842
756 1173.78947368 939.347368421 3375.53684211
757 1187.62105263 939.663157895 3335.49473684
758 1177.2 945.473684211 3367.45263158
759 1187.49473684 944.4 3314.14736842
760 1177.51578947 941.621052632 3323.43157895
761 1191.78947368 946.989473684 3335.17894737
762 1177.89473684 944.526315789 3322.35789474
763 1189.26315789 944.463157895 3340.04210526
764 1184.84210526 941.178947368 3347.55789474
765 1182.44210526 943.326315789 3302.96842105
766 1176.63157895 940.168421053 3350.27368421
767 1190.46315789 938.4 3335.17894737
768 1174.23157895 939.536842105 3342.75789474
769 1184.65263158 944.842105263 3365.05263158
770 1178.46315789 944.715789474 3348.82105263
771 1183.01052632 943.010526316 3395.68421053
772 1174.8 942.821052632 3407.74736842
773 1186.73684211 942 3394.54736842
774 1176.06315789 939.663157895 3384.88421053
775 1181.36842105 937.957894737 3371.11578947
776 1174.16842105 944.842105263 3357.6
777 1192.10526316 943.578947368 3352.35789474
778 1170.50526316 948.378947368 3348.56842105
779 1185.85263158 959.368421053 3352.54736842
780 1177.57894737 956.273684211 3347.81052632
781 1182.88421053 956.652631579 3369.03157895
782 1177.38947368 950.463157895 3357.09473684
783 1192.67368421 939.663157895 3344.96842105
784 1180.48421053 957.221052632 3375.6
785 1180.8 948.252631579 3384.63157895
786 1187.81052632 943.642105263 3371.30526316
787 1177.01052632 944.968421053 3378.37894737
788 1182.12631579 944.589473684 3382.8
789 1176.50526316 948.063157895 3368.21052632
790 1187.55789474 952.042105263 3358.54736842
791 1170.75789474 961.642105263 3357.91578947
792 1186.04210526 953.178947368 3350.4
793 1178.71578947 946.547368421 3348.44210526
794 1182.94736842 943.705263158 3346.42105263
795 1174.23157895 944.021052632 3354.18947368
796 1190.4 947.052631579 3340.92631579
797 1175.81052632 944.652631579 3351.6
798 1182.37894737 950.273684211 3340.73684211
799 1179.53684211 951.031578947 3342.69473684
800 1182.12631579 947.873684211 3345.15789474
801 1171.83157895 947.494736842 3347.81052632
802 1188 947.368421053 3324.69473684
803 1178.58947368 945.663157895 3353.05263158
804 1182.31578947 945.094736842 3330.18947368
805 1176.44210526 943.2 3366.94736842
806 1188.25263158 947.242105263 3335.68421053
807 1179.09473684 945.031578947 3340.16842105
808 1187.36842105 954.315789474 3340.35789474
809 1184.65263158 953.494736842 3388.54736842
810 1186.16842105 947.431578947 3361.51578947
811 1179.28421053 951.915789474 3389.30526316
812 1196.33684211 949.136842105 3370.29473684
813 1181.81052632 951.410526316 3371.74736842
814 1193.49473684 954.063157895 3368.4
815 1188.25263158 966.252631579 3366.06315789
816 1195.83157895 967.957894737 3335.11578947
817 1185.91578947 966.821052632 3368.14736842
818 1203.09473684 965.494736842 3399.78947368
819 1193.74736842 965.621052632 3379.13684211
820 1195.26315789 960.568421053 3390.18947368
821 1198.98947368 962.273684211 3405.6
822 1197.78947368 954.505263158 3381.34736842
823 1199.30526316 948.884210526 3387.66315789
824 1193.17894737 959.115789474 3392.33684211
825 1204.42105263 962.084210526 3391.57894737
826 1189.32631579 968.147368421 3395.49473684
827 1201.01052632 967.073684211 3365.68421053
828 1202.08421053 961.326315789 3364.92631579
829 1197.28421053 949.768421053 3359.55789474
830 1192.29473684 948.757894737 3356.58947368
831 1205.68421053 947.810526316 3340.86315789
832 1191.91578947 958.168421053 3342.56842105
833 1200.94736842 955.136842105 3356.33684211
834 1197.97894737 951.410526316 3348.69473684
835 1201.57894737 955.578947368 3371.36842105
836 1190.96842105 955.2 3337.51578947
837 1205.11578947 956.273684211 3348.12631579
838 1196.14736842 954.126315789 3330.44210526
839 1201.64210526 955.515789474 3336.18947368
840 1195.2 938.778947368 3321.85263158
841 1209.97894737 936.821052632 3345.15789474
842 1197.53684211 936.568421053 3338.27368421
843 1207.57894737 937.136842105 3316.73684211
844 1204.42105263 933.789473684 3361.2
845 1204.8 937.263157895 3389.11578947
846 1196.90526316 941.368421053 3371.87368421
847 1211.93684211 926.210526316 3376.10526316
848 1197.22105263 686.842105263 3355.51578947
849 1208.27368421 679.894736842 3372.75789474
850 1203.72631579 685.894736842 3363.15789474
851 1207.89473684 685.705263158 3377.11578947
852 1200.12631579 686.273684211 3356.21052632
853 1216.86315789 685.894736842 3372.37894737
854 1202.02105263 685.326315789 3369.09473684
855 1212.50526316 687.726315789 3381.97894737
856 1210.48421053 684.505263158 3378.82105263
857 1205.55789474 684.315789474 3377.62105263
858 1209.6 685.831578947 3372.63157895
859 1209.47368421 684.189473684 3386.90526316
860 1210.23157895 683.936842105 3378.18947368
861 1201.83157895 684.568421053 3383.55789474
862 1215.66315789 683.242105263 3365.43157895
863 1203.15789474 684.189473684 3371.05263158
864 1210.92631579 684 3384.37894737
865 1208.96842105 683.052631579 3383.05263158
866 1212.50526316 685.010526316 3385.38947368
867 1200.50526316 686.652631579 3384.50526316
868 1213.38947368 690.694736842 3370.10526316
869 1205.30526316 688.042105263 3354.82105263
870 1212.94736842 688.989473684 3343.32631579
871 1206.25263158 687.094736842 3349.13684211
872 1215.22105263 688.042105263 3374.33684211
873 1201.2 686.084210526 3385.13684211
874 1215.6 685.831578947 3357.03157895
875 1206.06315789 684.378947368 3361.70526316
876 1211.87368421 683.242105263 3339.09473684
877 1208.27368421 687.094736842 3349.32631579
878 1211.87368421 686.905263158 3342.25263158
879 1199.62105263 687.284210526 3348.50526316
880 1213.95789474 687.978947368 3402.63157895
881 1205.93684211 683.936842105 3355.32631579
882 1208.84210526 682.294736842 3362.90526316
883 1204.98947368 684.505263158 3376.61052632
884 1214.46315789 684.378947368 3368.02105263
885 1199.55789474 683.621052632 3384.37894737
886 1212.50526316 686.778947368 3391.2
887 1202.65263158 683.368421053 3375.03157895
888 1206.50526316 681.978947368 3398.96842105
889 1201.45263158 686.652631579 3378.44210526
890 1214.14736842 687.347368421 3387.03157895
891 1198.35789474 686.4 3367.2
892 1211.11578947 684.442105263 3357.72631579
893 1208.96842105 682.673684211 3351.97894737
894 1201.89473684 686.463157895 3376.48421053
895 1208.02105263 688.357894737 3390.12631579
896 1208.46315789 688.421052632 3385.38947368
897 1209.03157895 684.252631579 3386.58947368
898 1205.68421053 682.610526316 3401.17894737
899 1215.22105263 686.021052632 3358.04210526
900 1199.24210526 686.778947368 3376.8
901 1210.23157895 688.105263158 3365.43157895
902 1208.4 685.389473684 3369.09473684
903 1207.2 683.621052632 3331.64210526
904 1201.07368421 687.410526316 3363.34736842
905 1214.4 685.705263158 3345.97894737
906 1200 685.768421053 3365.68421053
907 1209.09473684 685.010526316 3353.36842105
908 1202.14736842 683.178947368 3353.17894737
909 1210.10526316 685.389473684 3369.97894737
910 1197.15789474 687.031578947 3359.36842105
911 1210.10526316 688.105263158 3363.41052632
912 1206.88421053 683.747368421 3368.77894737
913 1206.94736842 682.484210526 3391.64210526
914 1201.13684211 683.873684211 3427.51578947
915 1212.75789474 686.968421053 3410.08421053
916 1195.07368421 687.347368421 3418.98947368
917 1208.84210526 680.336842105 3414.12631579
918 1203.22105263 684.947368421 3420.56842105
919 1204.8 684.947368421 3408.94736842
920 1197.72631579 687.726315789 3418.48421053
921 1211.81052632 683.242105263 3418.98947368
922 1196.27368421 682.294736842 3434.71578947
923 1204.42105263 683.305263158 3408.31578947
924 1201.26315789 685.010526316 3422.96842105
925 1202.84210526 688.8 3404.27368421
926 1194.69473684 687.221052632 3401.68421053
927 1214.84210526 686.905263158 3390.37894737
928 1197.22105263 685.957894737 3343.57894737
929 1203.66315789 688.357894737 3370.23157895
930 1204.54736842 685.894736842 3389.36842105
931 1203.97894737 682.231578947 3342.69473684
932 1201.64210526 682.484210526 3352.86315789
933 1195.26315789 685.136842105 3359.62105263
934 1211.05263158 686.210526316 3343.51578947
935 1193.49473684 683.494736842 3352.04210526
936 1201.38947368 683.431578947 3352.42105263
937 1196.4 684.442105263 3363.15789474
938 1203.28421053 685.642105263 3404.08421053
939 1194.06315789 685.957894737 3419.55789474
940 1204.8 680.526315789 3309.09473684
941 1199.05263158 687.284210526 3356.33684211
942 1198.67368421 686.273684211 3371.43157895
943 1192.48421053 687.410526316 3342.69473684
944 1200.75789474 682.863157895 3359.81052632
945 1189.13684211 682.989473684 3347.68421053
946 1196.27368421 685.768421053 3370.48421053
947 1193.05263158 684.252631579 3361.95789474
948 1206.63157895 680.147368421 3340.35789474
949 1186.98947368 684.189473684 3356.08421053
950 1201.26315789 687.284210526 3364.92631579
951 1194.31578947 684.947368421 3364.48421053
952 1195.64210526 679.957894737 3375.41052632
953 1189.76842105 685.263157895 3381.97894737
954 1200.18947368 686.842105263 3370.61052632
955 1189.64210526 691.010526316 3371.17894737
956 1194.25263158 679.136842105 3373.07368421
957 1189.01052632 686.147368421 3362.14736842
958 1203.15789474 684.315789474 3355.83157895
959 1187.05263158 683.747368421 3356.33684211
960 1196.71578947 683.936842105 3338.27368421
961 1190.58947368 686.4 3351.6
962 1197.66315789 685.578947368 3370.29473684
963 1185.15789474 687.410526316 3387.53684211
964 1198.48421053 680.715789474 3418.86315789
965 1192.29473684 685.894736842 3396.94736842
966 1194.50526316 686.526315789 3437.24210526
967 1190.21052632 684.252631579 3392.71578947
968 1190.52631579 680.526315789 3412.54736842
969 1190.84210526 685.642105263 3398.71578947
970 1183.51578947 687.978947368 3415.38947368
971 1193.68421053 688.863157895 3413.87368421
972 1186.23157895 680.778947368 3385.70526316
973 1189.07368421 686.273684211 3400.86315789
974 1183.01052632 687.789473684 3408.82105263
975 1199.24210526 687.915789474 3406.29473684
976 1180.98947368 680.905263158 3382.42105263
977 1190.02105263 684.568421053 3372.18947368
978 1185.28421053 687.726315789 3413.24210526
979 1189.45263158 688.484210526 3392.33684211
980 1178.27368421 681.094736842 3382.98947368
981 1191.72631579 685.642105263 3383.49473684
982 1186.8 689.242105263 3393.66315789
983 1186.10526316 687.726315789 3395.11578947
984 1180.86315789 682.294736842 3336.75789474
985 1196.4 685.389473684 3335.87368421
986 1180.54736842 690 3354.63157895
987 1190.02105263 689.242105263 3366.37894737
988 1186.54736842 687.410526316 3355.32631579
989 1190.52631579 684.884210526 3358.23157895
990 1178.65263158 686.715789474 3371.05263158
991 1187.30526316 686.778947368 3363.28421053
992 1182.31578947 688.926315789 3368.02105263
993 1185.15789474 686.778947368 3336.94736842
994 1178.65263158 685.136842105 3354.82105263
995 1197.34736842 687.663157895 3354.69473684
996 1172.90526316 688.547368421 3374.77894737
997 1187.87368421 683.052631579 3383.05263158
998 1183.64210526 681.915789474 3370.67368421
999 1188.44210526 684.694736842 3362.71578947
