%time Ibatt SOC Vbatt
0 0 0.1 191.577824
1 0 0.1 191.577824
2 0 0.1 191.577824
3 -12.9649538953 0.100017653804 191.587277548
4 -11.9403113625 0.100033912398 191.589501025
5 -10.1992611867 0.100047800281 191.590967032
6 -9.61561354192 0.100060893437 191.592877737
7 -11.1558957354 0.100076083927 191.596202859
8 -12.3515428807 0.100092902476 191.599629044
9 -12.3291774378 0.100109690572 191.602440627
10 -11.3185527502 0.100125102545 191.604526281
11 -10.09075452 0.100138842679 191.606221953
12 -10.2321381175 0.100152775329 191.608634251
13 -11.2446555894 0.100168086679 191.611713454
14 -12.7131318506 0.100185397588 191.61535617
15 -12.4201800713 0.100202309598 191.618050666
16 -11.2162120228 0.100217582218 191.620013848
17 -10.537621758 0.100231930832 191.622084167
18 -10.8711629167 0.100246733613 191.624736459
19 -12.0322828332 0.100263117441 191.628067584
20 -12.4621496424 0.100280086599 191.631130875
21 -10.8342327572 0.100294839094 191.632792803
22 -10.335457405 0.10030891243 191.634904979
23 -10.2427737468 0.100322859562 191.637198696
24 -11.4647813599 0.100338470647 191.640428551
25 -11.6162862141 0.10035428803 191.643157345
26 -11.4383617118 0.100369863142 191.645680379
27 -11.4040275753 0.100385391502 191.648266962
28 -11.0432340203 0.100400428585 191.650607554
29 -10.5514902519 0.100414796083 191.65277006
30 -10.2022599519 0.100428688049 191.654923782
31 -11.6095146162 0.100444496211 191.658276514
32 -12.0733476226 0.100460935955 191.661262929
33 -11.2430239437 0.100476245083 191.663412423
34 -10.678659655 0.100490785742 191.665565796
35 -10.7523569369 0.100505426751 191.66805465
36 -11.3159243349 0.100520835145 191.670916569
37 -11.75594602 0.100536842696 191.673816623
38 -11.0966611386 0.100551952529 191.676016331
39 -10.6649228207 0.100566474483 191.678231042
40 -10.0358629583 0.100580139874 191.680203405
41 -10.7799964153 0.100594818518 191.683031583
42 -11.5644773146 0.100610565355 191.686058269
43 -11.6280157743 0.10062639871 191.688738541
44 -11.5680097886 0.100642150357 191.691342956
45 -10.7121224054 0.100656736581 191.693354146
46 -10.934133567 0.100671625107 191.69595447
47 -11.0202612596 0.100686630909 191.698506086
48 -11.4991674235 0.100702288817 191.701362703
49 -11.124065521 0.100717435965 191.703706553
50 -11.5854406951 0.100733211347 191.706573226
51 -11.2064447768 0.100748470667 191.708933085
52 -11.3242449269 0.100763890391 191.711567746
53 -12.1027700209 0.100780370197 191.714709409
54 -12.2713459706 0.100797079547 191.717583971
55 -12.1198981081 0.100813582676 191.720263627
56 -11.4369906154 0.10082915592 191.722521882
57 -11.8906481005 0.10084534689 191.725451108
58 -11.6667237497 0.100861232952 191.727990226
59 -12.3156561541 0.100878002636 191.731112775
60 -12.066420692 0.100894432947 191.733729159
61 -11.208053502 0.100909694458 191.735845587
62 -11.1122506205 0.100924825518 191.738321154
63 -10.6883195795 0.10093937933 191.740536026
64 -10.8090313794 0.10095409751 191.743050268
65 -10.944862386 0.100969000645 191.745602537
66 -11.2422879331 0.100984308772 191.74830273
67 -11.215106058 0.100999579885 191.750834061
68 -10.2572471089 0.101013546725 191.752682355
69 -10.8363192161 0.101028302062 191.755430145
70 -10.7979169127 0.101043005108 191.757860125
71 -10.333456017 0.101057075718 191.759971388
72 -11.1876141266 0.101072309397 191.762935301
73 -10.9955334316 0.101087281529 191.765332162
74 -10.7793512762 0.101101959295 191.767667597
75 -10.9378572042 0.101116852891 191.770225939
76 -10.8805591588 0.101131668467 191.772663026
77 -11.2873940516 0.101147038013 191.775423989
78 -11.1791813536 0.101162260209 191.777902521
79 -10.7884976113 0.101176950429 191.780150941
80 -10.909207809 0.101191805015 191.782682036
81 -10.8432742199 0.101206569822 191.785104511
82 -10.3897242914 0.10122071705 191.787230132
83 -10.6045114549 0.101235156744 191.789738209
84 -10.6866571492 0.101249708293 191.792198209
85 -10.7030958293 0.101264282225 191.794628724
86 -11.0487398723 0.101279326806 191.797301695
87 -10.3710690154 0.101293448632 191.799309321
88 -10.7886732133 0.101308139091 191.801958714
89 -10.8532417242 0.10132291747 191.804445834
90 -10.4771495144 0.101337183741 191.806627212
91 -10.8888536963 0.101352010612 191.809295236
92 -10.5450781857 0.101366369378 191.811507438
93 -10.277696371 0.101380364063 191.813697056
94 -10.2254911953 0.101394287662 191.815982137
95 -10.4167506902 0.101408471691 191.818431847
96 -10.6825209738 0.101423017607 191.820978527
97 -9.88816332669 0.101436481882 191.822815338
98 -9.75393235001 0.10144976338 191.824951591
99 -9.71412963177 0.101462990681 191.827125774
100 -9.8189781434 0.101476360749 191.82939567
101 -10.1097211282 0.101490126709 191.831823862
102 -10.5671674747 0.101504515554 191.834438362
103 -10.0790409871 0.101518239738 191.83646955
104 -10.3469729498 0.101532328753 191.838938924
105 -10.2370576865 0.101546268102 191.841194241
106 -10.1410913861 0.101560076778 191.843434557
107 -9.89270647611 0.101573547239 191.84554231
108 -9.86692437789 0.101586982593 191.847755248
109 -9.54092686873 0.101599974051 191.849744253
110 -10.1814501434 0.101613837682 191.852360682
111 -10.1184031527 0.101627615464 191.854610791
112 -10.2769069299 0.101641609073 191.857007095
113 -10.0873033405 0.101655344508 191.859186279
114 -10.4919699915 0.10166963096 191.861753491
115 -9.83375897901 0.101683021155 191.863640596
116 -10.1721144691 0.101696872073 191.866101926
117 -10.2598523034 0.10171084246 191.868457394
118 -10.423934262 0.10172503627 191.870887672
119 -10.0762348698 0.101738756634 191.872983413
120 -10.228967693 0.101752684967 191.875363453
121 -10.2507156092 0.101766642913 191.877682575
122 -10.0779908032 0.101780365667 191.879865251
123 -9.95698304737 0.101793923651 191.882046235
124 -10.3556936607 0.101808024541 191.88457651
125 -10.1270858506 0.101821814146 191.886741352
126 -10.2090006147 0.10183571529 191.88907957
127 -10.1279813833 0.101849506114 191.891317774
128 -10.2681535756 0.101863487805 191.893697788
129 -10.143523208 0.101877299792 191.895917047
130 -10.1652242102 0.101891141328 191.898214035
131 -10.0145210663 0.101904777659 191.900390617
132 -9.99352986594 0.101918385406 191.902627028
133 -9.83422876397 0.101931776241 191.904758168
134 -10.1468468562 0.101945592753 191.907195234
135 -9.66944391719 0.101958759207 191.909129687
136 -9.55845651576 0.101971774535 191.911222121
137 -9.98573132905 0.101985371664 191.913679402
138 -9.25891880587 0.101997979124 191.915396062
139 -9.43822705913 0.10201083074 191.917605794
140 -9.76462656871 0.1020241268 191.919962101
141 -10.1883734866 0.102037999858 191.922461942
142 -10.0368940129 0.102051666653 191.924639842
143 -9.91464896674 0.102065166992 191.926804606
144 -9.41782413462 0.102077990826 191.928670262
145 -9.71678377822 0.102091221741 191.931000633
146 -9.77468053059 0.102104531491 191.933223175
147 -10.0252682792 0.102118182456 191.935597994
148 -9.95543420544 0.10213173833 191.937796627
149 -9.57245846365 0.102144772723 191.93975248
150 -9.86191602495 0.102158201258 191.942109189
151 -10.100344865 0.102171954451 191.944493552
152 -10.0431524633 0.102185629768 191.946716968
153 -10.1627739375 0.102199467968 191.949055299
154 -10.0279728389 0.102213122615 191.951235885
155 -10.2096237105 0.102227024608 191.953615102
156 -10.0263564757 0.102240677054 191.955770471
157 -10.1546241928 0.102254504157 191.958110039
158 -10.0032462613 0.102268125135 191.960275555
159 -10.0260667189 0.102281777186 191.962532975
160 -10.0608266905 0.102295476569 191.964803842
161 -10.0054747261 0.102309100581 191.967016948
162 -10.0490020184 0.102322783863 191.969288932
163 -10.0152019036 0.10233642112 191.971514376
164 -10.0313118788 0.102350080314 191.973768074
165 -10.0412482297 0.102363753038 191.976020601
166 -9.81669704328 0.10237712 191.978105324
167 -9.84173607157 0.102390521057 191.980320149
168 -10.114040201 0.102404292898 191.982719232
169 -10.4038808742 0.102418459402 191.985191606
170 -10.4591848609 0.102432701212 191.987558749
171 -10.3367695287 0.102446776334 191.989809322
172 -10.4950439358 0.102461066971 191.992235303
173 -10.485574466 0.102475344714 191.994574958
174 -10.6026359818 0.102489781855 191.997003709
175 -10.3479265751 0.102503872168 191.999189302
176 -10.4648442458 0.102518121684 192.001586509
177 -10.4613982604 0.102532366507 192.003922429
178 -10.4834206923 0.102546641318 192.006275669
179 -10.5413987233 0.102560995074 192.008659501
180 -10.5134268567 0.102575310743 192.01099377
181 -10.3800982923 0.102589444863 192.01324525
182 -10.650563968 0.102603947265 192.015758687
183 -10.6689441917 0.102618474695 192.018149837
184 -10.7783575343 0.102633151107 192.020610578
185 -10.7086398596 0.102647732589 192.022965839
186 -10.6965136852 0.102662297558 192.025346839
187 -10.5547654827 0.102676669516 192.027631053
188 -10.8356036853 0.102691423878 192.030188869
189 -10.745049851 0.102706054937 192.032540433
190 -10.7852931861 0.102720740794 192.034966017
191 -10.63552494 0.102735222718 192.037262844
192 -10.8596945098 0.102750009884 192.039796274
193 -10.7428358929 0.102764637928 192.042132779
194 -10.8160896895 0.102779365719 192.044580315
195 -10.8043123969 0.102794077473 192.046982354
196 -10.7728841706 0.102808746433 192.049367209
197 -10.7589648677 0.10282339644 192.051757362
198 -10.7963344377 0.102838097331 192.054181131
199 -10.6404242274 0.102852585926 192.05647318
200 -10.8596679818 0.102867373056 192.059001283
201 -10.7158522861 0.102881964358 192.061315475
202 -10.8567247101 0.10289674748 192.063803022
203 -10.7871166344 0.102911435819 192.066169476
204 -10.7560996871 0.102926081925 192.068547967
205 -10.7450189053 0.102940712942 192.070933607
206 -10.7094730798 0.102955295558 192.073298755
207 -10.7313168341 0.102969907917 192.075697106
208 -10.8079747565 0.102984624658 192.078139564
209 -10.7805880891 0.102999304108 192.080523554
210 -10.8487293235 0.103014076343 192.082970104
211 -10.7862735592 0.103028763535 192.085337112
212 -10.6742755411 0.103043298224 192.087654098
213 -10.7537394312 0.103057941115 192.090084129
214 -10.8062788271 0.103072655547 192.092512021
215 -10.8013416515 0.103087363256 192.094909723
216 -10.7928396527 0.103102059389 192.097303397
217 -10.9898667651 0.103117023804 192.099843247
218 -10.8249747709 0.103131763694 192.102165147
219 -10.8280838235 0.103146507817 192.104571382
220 -10.8966046335 0.103161345241 192.107025179
221 -10.815463204 0.103176072179 192.10938577
222 -10.822070019 0.103190808113 192.111791346
223 -10.8172835115 0.10320553753 192.114189806
224 -10.3794478581 0.103219670765 192.116274231
225 -10.3778352527 0.103233801804 192.118576082
226 -10.7069637204 0.103248381003 192.121115988
227 -10.6735078003 0.103262914647 192.123466832
228 -10.6949059085 0.103277477427 192.125849502
229 -10.8852715916 0.10329229942 192.128358519
230 -10.886642782 0.10330712328 192.130772982
231 -10.7802366096 0.103321802251 192.133109609
232 -10.8141802862 0.103336527442 192.13552358
233 -10.8574800454 0.103351311593 192.13795147
234 -10.8929935484 0.1033661441 192.140382976
235 -10.8958104363 0.103380980443 192.142798398
236 -10.8211301811 0.103395715098 192.145158168
237 -10.9040480954 0.103410562658 192.147614746
238 -10.8985236309 0.103425402696 192.150025517
239 -10.8116676099 0.103440124465 192.152376032
240 -10.876552088 0.103454934585 192.154816425
241 -10.8665862671 0.103469731135 192.157216828
242 -10.7774358473 0.103484406293 192.15955755
243 -10.7292559665 0.103499015846 192.161907744
244 -10.7552005295 0.103513660727 192.16430039
245 -10.6205622582 0.103528122277 192.166582611
246 -10.825885698 0.103542863407 192.169079882
247 -10.2139800239 0.103556771332 192.171032864
248 -10.6746287531 0.103571306501 192.173623662
249 -10.688725382 0.103585860866 192.175993954
250 -10.8073541772 0.103600576762 192.178442389
251 -10.7034734612 0.103615151209 192.180756255
252 -10.9257207724 0.103630028279 192.18328195
253 -10.8016451662 0.103644736402 192.185606707
254 -10.948163034 0.103659644031 192.188098776
255 -10.8346195641 0.103674397054 192.19043537
256 -10.8459795005 0.103689165544 192.192836568
257 -10.9797243044 0.103704116149 192.195328136
258 -10.9380130885 0.103719009958 192.197722401
259 -10.8575626304 0.103733794221 192.200079174
260 -10.8743764414 0.103748601378 192.202487932
261 -10.8680716281 0.103763399951 192.204883382
262 -10.7943146534 0.103778098092 192.207228473
263 -10.8419097083 0.103792861041 192.209644387
264 -10.9869898898 0.103807821539 192.21214069
265 -10.6284741944 0.103822293862 192.214305758
266 -10.4841365442 0.103836569647 192.216545743
267 -10.7835883061 0.103851253182 192.219073316
268 -10.9228644327 0.103866126364 192.221551153
269 -10.932045801 0.103881012047 192.223965605
270 -10.954689284 0.103895928563 192.226391416
271 -10.8507693294 0.103910703576 192.228730684
272 -10.5338593166 0.103925047066 192.230893276
273 -10.585658502 0.103939461089 192.233251298
274 -10.2189568758 0.103953375791 192.23531896
275 -10.5975169028 0.103967805961 192.237842307
276 -11.1278478596 0.103982958259 192.240557978
277 -10.1261625579 0.103996746607 192.24228673
278 -10.8208538927 0.104011480885 192.245016286
279 -10.8594634485 0.104026267736 192.247425945
280 -11.0322424271 0.104041289853 192.249940354
281 -10.928678712 0.104056170951 192.252293437
282 -11.2158828351 0.104071443123 192.254904728
283 -10.7205395502 0.104086040807 192.257015405
284 -10.9313800478 0.104100925584 192.259525198
285 -10.3517108987 0.104115021051 192.261511904
286 -11.2765906737 0.104130375886 192.264453914
287 -11.0305448192 0.104145395691 192.266755988
288 -10.8419440547 0.104160158686 192.269044962
289 -10.8587606185 0.104174944581 192.271439984
290 -10.5267041835 0.104189278328 192.273587249
291 -10.5922974628 0.104203701391 192.275947415
292 -10.455240443 0.10421793783 192.278175808
293 -10.3589801486 0.104232043195 192.280403127
294 -10.2986869811 0.104246066461 192.282634865
295 -10.7404439373 0.104260691249 192.285214308
296 -11.0093071861 0.104275682135 192.287765985
297 -10.9192769779 0.104290550432 192.290118086
298 -10.9177532742 0.104305416654 192.292513746
299 -10.740241303 0.104320041165 192.294782097
300 -10.850395981 0.10433481567 192.297218103
301 -10.9311660241 0.104349700155 192.299656781
302 -10.8840221961 0.104364520447 192.302020801
303 -10.7639397515 0.104379177227 192.304321658
304 -10.5872891299 0.104393593471 192.306555144
305 -10.8608198529 0.104408382169 192.309073355
306 -10.721505538 0.104422981169 192.311354247
307 -10.8506879228 0.104437756071 192.313797357
308 -10.7775768383 0.10445243142 192.316122942
309 -10.4916898544 0.10446671749 192.318279144
310 -10.4304634996 0.104480920191 192.32053393
311 -10.519072883 0.104495243548 192.322882717
312 -10.8124988397 0.104509966449 192.325397848
313 -10.7353371012 0.104524584283 192.327710434
314 -11.2076305309 0.104539845218 192.330400815
315 -10.4668389432 0.104554097449 192.332322094
316 -10.3300886817 0.104568163474 192.33451513
317 -10.7614620205 0.104582816881 192.337086319
318 -11.0096795514 0.104597808275 192.3396199
319 -10.8394859279 0.104612567923 192.341906671
320 -10.4959151836 0.104626859747 192.344031238
321 -10.7810685845 0.104641539851 192.346532209
322 -11.0246110506 0.104656551576 192.349065288
323 -10.8021270761 0.104671260355 192.351316337
324 -11.0852854805 0.104686354698 192.353881766
325 -10.8935906824 0.104701188019 192.356167492
326 -11.121262645 0.10471633135 192.358712308
327 -11.0942792299 0.10473143794 192.361123527
328 -11.2553017729 0.104746763786 192.363663562
329 -11.1113727527 0.104761893651 192.366019297
330 -11.2600552173 0.10477722597 192.368553443
331 -10.9756723884 0.104792171058 192.370808566
332 -11.1306896498 0.104807327226 192.373316877
333 -11.2015345687 0.10482257986 192.375798198
334 -11.1079258039 0.104837705031 192.378176479
335 -11.0072703529 0.104852693145 192.380528896
336 -10.9464986522 0.104867598508 192.382887628
337 -10.8625114068 0.104882389509 192.385216066
338 -10.5288443339 0.104896726171 192.387346512
339 -10.6266993934 0.104911196077 192.389713732
340 -10.777832105 0.104925871775 192.392140216
341 -10.6785958992 0.104940412346 192.394419524
342 -10.7487658689 0.104955048465 192.396798493
343 -10.6173898908 0.104969505696 192.399047701
344 -10.5712275223 0.104983900069 192.401329115
345 -10.4928787827 0.104998187758 192.403577023
346 -10.6174517389 0.105012645072 192.405953209
347 -10.2953708492 0.105026663823 192.408035552
348 -10.967075686 0.105041597205 192.410760804
349 -10.8667424091 0.105056393968 192.413077821
350 -10.8008790192 0.105071101047 192.415397374
351 -10.6289325819 0.105085573994 192.417626094
352 -10.5939052997 0.105099999247 192.419915307
353 -10.7700686977 0.105114664373 192.422348129
354 -10.9161591812 0.105129528424 192.424797364
355 -11.0189733402 0.105144532473 192.427246979
356 -11.0339566509 0.105159556924 192.429655574
357 -10.9345987045 0.105174446083 192.431985017
358 -10.9572825432 0.10518936613 192.434380057
359 -11.0004037333 0.105204344893 192.436794335
360 -10.9160213118 0.105219208757 192.439126148
361 -11.0119082344 0.105234203185 192.441568586
362 -10.9118622887 0.105249061385 192.443890946
363 -10.7361968384 0.10526368039 192.446136955
364 -10.7360981394 0.10527829926 192.448470381
365 -10.9246454042 0.105293174866 192.450938756
366 -10.9038069227 0.105308022098 192.453297552
367 -10.8241911073 0.10532276092 192.455609309
368 -10.9666751698 0.105337693757 192.458062712
369 -11.0656561535 0.105352761371 192.4605155
370 -11.0123502243 0.105367756402 192.462880202
371 -11.0005163826 0.105382735318 192.465262709
372 -10.9527234639 0.105397649157 192.467616499
373 -10.9107617018 0.105412505859 192.469963738
374 -11.1047125255 0.105427626655 192.472470665
375 -11.0195916685 0.105442631546 192.474819219
376 -10.8682009036 0.105457430294 192.477101432
377 -10.7966067322 0.105472131556 192.47940766
378 -10.901133014 0.105486975147 192.481824269
379 -10.74899261 0.105501611575 192.484079199
380 -10.9519287473 0.105516524332 192.48655532
381 -10.7179661579 0.105531118512 192.488761915
382 -10.0965310781 0.105544866512 192.490639737
383 -10.5589150688 0.10555924412 192.493159369
384 -10.6136840711 0.105573696304 192.495486729
385 -10.8418184371 0.105588459129 192.497949859
386 -10.6593103959 0.10560297344 192.500167783
387 -10.6692124327 0.105617501235 192.502483717
388 -11.1778180909 0.105632721575 192.505158803
389 -10.9314394397 0.105647606433 192.507402677
390 -10.6260137279 0.105662075406 192.509550549
391 -10.6054986784 0.105676516444 192.511836099
392 -11.0031954225 0.105691499009 192.514416491
393 -10.672573994 0.105706031381 192.516560818
394 -10.9625519782 0.105720958603 192.519077844
395 -10.90716197 0.105735810403 192.521409844
396 -11.2115922232 0.105751076732 192.523987247
397 -10.9880054169 0.105766038613 192.526251912
398 -10.9878732068 0.105781000314 192.528627916
399 -10.7318752736 0.105795613434 192.53082028
400 -10.8208554464 0.105810347715 192.533204025
401 -10.9450307922 0.105825251079 192.535631855
402 -11.0205010841 0.105840257208 192.538051285
403 -10.6039283585 0.105854696108 192.540134324
404 -10.5351020504 0.105869041291 192.542376031
405 -10.9068624841 0.105883892683 192.544918002
406 -10.6847122089 0.105898441583 192.547114685
407 -10.6252004937 0.105912909449 192.549379496
408 -10.7438388831 0.105927538859 192.55175866
409 -10.8089547076 0.105942256935 192.554124776
410 -11.1399332437 0.105957425689 192.556694914
411 -10.7427457778 0.105972053611 192.558814882
412 -10.5548138951 0.105986425634 192.560998583
413 -10.7021127055 0.106000998228 192.563381346
414 -10.8214273847 0.106015733287 192.565775514
415 -10.5368086795 0.106030080793 192.567905978
416 -11.0006979866 0.106045059957 192.570510404
417 -10.3843129976 0.106059199817 192.572441429
418 -10.015159437 0.106072837016 192.574416163
419 -10.2971030658 0.106086858126 192.576776922
420 -10.2952442423 0.106100876705 192.578995063
421 -9.8825870225 0.106114333387 192.580918563
422 -10.9443770417 0.106129235861 192.583807777
423 -11.1948413467 0.106144479381 192.58634493
424 -11.2851385063 0.106159845855 192.588821076
425 -11.2687643927 0.106175190033 192.591239981
426 -11.2710346341 0.106190537303 192.593668319
427 -11.386877482 0.10620604231 192.596178006
428 -11.418490788 0.106221590364 192.598651998
429 -11.4594247878 0.106237194156 192.601139072
430 -11.4661797408 0.106252807146 192.60361012
431 -11.2109440765 0.106268072593 192.605894865
432 -10.9999085305 0.106283050682 192.608155936
433 -10.2818329678 0.106297050999 192.61000867
434 -10.1978630094 0.106310936978 192.612160083
435 -10.4562761816 0.106325174827 192.614537948
436 -10.3512183848 0.106339269623 192.616711164
437 -10.5381704682 0.106353618984 192.619070256
438 -10.4275924882 0.106367817775 192.621256486
439 -10.4782118452 0.106382085493 192.623533869
440 -10.3721331255 0.106396208768 192.625709783
441 -10.4841862242 0.10641048462 192.628018518
442 -10.2241748422 0.106424406427 192.630085039
443 -10.0425253262 0.10643808089 192.632151413
444 -10.2439693221 0.10645202965 192.634452297
445 -9.68095806833 0.106465211782 192.636249745
446 -10.3227871191 0.106479267865 192.638787137
447 -10.3336951116 0.1064933388 192.641011094
448 -10.3805087866 0.10650747348 192.643262735
449 -10.8783708921 0.106522286077 192.645846426
450 -11.4500548759 0.10653787711 192.648589345
451 -11.2935656655 0.106553255059 192.650934216
452 -11.4459597371 0.106568840516 192.653465839
453 -10.6452098733 0.106583335627 192.655348762
454 -10.7313748727 0.106597948066 192.657693284
455 -10.8054348619 0.106612661349 192.66004729
456 -11.0547917706 0.10662771417 192.662542056
457 -10.6250383923 0.106642181815 192.664604788
458 -10.7926276712 0.106656877658 192.667001774
459 -10.8873848672 0.106671702529 192.669382302
460 -11.1184374596 0.106686842014 192.671880131
461 -11.4981958403 0.106702498598 192.674533295
462 -11.5021786657 0.106718160606 192.676999034
463 -11.1217944547 0.106733304662 192.679190738
464 -11.3390435656 0.106748744536 192.681727408
465 -10.6001731074 0.106763178323 192.683627459
466 -10.4848268765 0.106777455048 192.685814249
467 -10.4850525636 0.10679173208 192.688058548
468 -10.9445030018 0.106806634726 192.69063045
469 -11.1089320595 0.106821761268 192.693089668
470 -11.1067203904 0.106836884797 192.695464727
471 -11.0658715672 0.106851952705 192.697811365
472 -10.8138813015 0.106866677489 192.69999818
473 -10.8855190453 0.106881499819 192.70236178
474 -11.0675453016 0.106896570006 192.70481914
475 -11.0884494434 0.106911668657 192.707200045
476 -11.4622812249 0.106927276339 192.709836948
477 -11.5428502424 0.106942993727 192.712344047
478 -11.530280254 0.106958694 192.714801497
479 -11.4532036667 0.106974289321 192.717209835
480 -11.6555595395 0.106990160181 192.719800723
481 -11.4191007834 0.107005709065 192.722121304
482 -11.6404293432 0.107021559323 192.724717652
483 -11.425707921 0.107037117204 192.727049734
484 -10.9881674918 0.107052079306 192.729176625
485 -10.1070432764 0.10706584162 192.730893314
486 -11.0600430215 0.107080901591 192.733730128
487 -10.9394956406 0.107095797419 192.736004087
488 -11.2546397784 0.107111122364 192.738562767
489 -11.2596639482 0.10712645415 192.740967084
490 -10.7538570719 0.107141097202 192.743007742
491 -10.9113744568 0.107155954738 192.745413308
492 -11.1592370453 0.107171149778 192.747916539
493 -10.7886515745 0.107185840207 192.750031182
494 -11.3621233039 0.107201311508 192.752739735
495 -11.2702177555 0.107216657665 192.755095633
496 -11.456328097 0.10723225724 192.757629818
497 -10.9026141642 0.107247102848 192.759675745
498 -10.1785625143 0.107260962546 192.761481929
499 -11.2952291446 0.10727634276 192.764445982
500 -10.9756896533 0.107291287871 192.766623515
501 -11.2476783969 0.107306603338 192.769154364
502 -10.999218021 0.107321580486 192.771371725
503 -10.8625212954 0.107336371501 192.773615516
504 -10.1857584908 0.107350240998 192.775444907
505 -10.9726495142 0.10736518197 192.77817325
506 -11.1652722407 0.107380385227 192.780645084
507 -11.3761821881 0.107395875671 192.783170557
508 -11.3825854529 0.107411374834 192.785594756
509 -11.4055474208 0.107426905264 192.788031736
510 -11.2605684358 0.107442238282 192.790353537
511 -11.2969858707 0.107457620888 192.792773405
512 -11.4499513326 0.10747321178 192.795283682
513 -11.0618661122 0.107488274234 192.797440576
514 -10.9007076823 0.107503117246 192.79967633
515 -11.3767836461 0.107518608509 192.802331491
516 -11.3304212114 0.107534036642 192.804715204
517 -11.4378633726 0.107549611075 192.807198259
518 -11.4232338911 0.107565165587 192.809616787
519 -11.5572202763 0.107580902543 192.812137685
520 -11.4984529432 0.107596559478 192.814549338
521 -11.6020933119 0.107612357535 192.817063803
522 -11.3423128111 0.107627801861 192.819341033
523 -10.9553254662 0.107642719243 192.821472172
524 -11.4592802909 0.107658322838 192.824155339
525 -11.6270289077 0.107674154849 192.826705598
526 -11.0783368181 0.107689239731 192.828780875
527 -10.4752111626 0.107703503362 192.830700685
528 -10.5578513486 0.107717879522 192.832980577
529 -11.4517011686 0.107733472797 192.835855224
530 -11.5349621988 0.107749179445 192.838341838
531 -11.5775631103 0.1077649441 192.840816759
532 -11.6287824441 0.107780778499 192.843306447
533 -10.904320618 0.10779562643 192.845254423
534 -10.4095046599 0.107809800592 192.847212064
535 -10.5745290016 0.107824199461 192.849534256
536 -11.3693606697 0.107839680616 192.85233933
537 -11.5584521258 0.107855419249 192.854881188
538 -11.7678929446 0.107871443069 192.857477163
539 -11.0624356936 0.107886506298 192.859465973
540 -11.4866685759 0.107902147187 192.862109043
541 -11.855353562 0.107918290097 192.864801959
542 -11.6269914772 0.107934122057 192.867147629
543 -11.616508998 0.107949939744 192.869599625
544 -11.7449341562 0.107965932301 192.872147838
545 -11.5527840772 0.107981663217 192.874494729
546 -11.6674253838 0.107997550234 192.87701886
547 -11.6796813516 0.108013453939 192.87949399
548 -11.7505358624 0.108029454124 192.882012993
549 -11.591831015 0.108045238208 192.884383276
550 -11.3679959708 0.108060717505 192.88667331
551 -10.9842447629 0.108075674265 192.888801942
552 -10.2127635273 0.108089580534 192.89057341
553 -11.0060809626 0.108104567028 192.893294504
554 -11.7448699884 0.108120559498 192.896143972
555 -10.6235443652 0.108135025108 192.897826252
556 -11.0232442836 0.108150034972 192.900353084
557 -11.0606660991 0.108165095792 192.902706319
558 -11.0550169018 0.10818014892 192.905036467
559 -10.8188077828 0.108194880412 192.90720114
560 -11.635464233 0.108210723909 192.910064179
561 -11.3075514039 0.108226120902 192.912285374
562 -11.4542305809 0.108241717621 192.914774422
563 -11.1539200936 0.10825690542 192.916976271
564 -11.0931406094 0.108272010459 192.919284707
565 -11.0340794841 0.108287035077 192.921581193
566 -11.1828180778 0.108302262226 192.924012569
567 -11.00210573 0.108317243307 192.926240774
568 -11.1649735126 0.108332446158 192.928674729
569 -11.1127990036 0.108347577965 192.930989806
570 -11.158151455 0.108362771526 192.933362839
571 -11.0542940463 0.108377823669 192.93563903
572 -11.2622906909 0.108393159032 192.938114586
573 -11.4943909493 0.108408810436 192.940650686
574 -11.5483377041 0.108424535297 192.943108678
575 -11.3776294801 0.108440027712 192.945418026
576 -11.3451043007 0.108455475839 192.947789242
577 -11.1523561162 0.108470661509 192.950039418
578 -11.0316316498 0.108485682794 192.952299846
579 -10.8109894954 0.10850040364 192.954463552
580 -12.2534890009 0.108517088674 192.957761838
581 -13.6934638256 0.108535734458 192.961361183
582 -13.5898478121 0.108554239153 192.964166403
583 -13.6371954299 0.108572808319 192.967056517
584 -13.8836711636 0.1085917131 192.970097443
585 -13.8427990604 0.108610562227 192.972985546
586 -13.7719664036 0.108629314904 192.97584323
587 -13.7114733057 0.108647985211 192.978692826
588 -13.8480390514 0.108666841473 192.981669077
589 -13.9690891383 0.108685862564 192.984662422
590 -13.706368298 0.10870452592 192.98740817
591 -13.6221180316 0.108723074556 192.990224925
592 -13.7569568331 0.108741806795 192.993178973
593 -13.9224403989 0.108760764367 192.996182505
594 -13.9167121585 0.108779714138 192.999098664
595 -13.8438191591 0.108798564654 193.00196539
596 -13.8133008121 0.108817373615 193.004846347
597 -13.8206726908 0.108836192614 193.007747238
598 -13.9024446492 0.108855122958 193.010701908
599 -13.6583632093 0.108873720947 193.013441946
600 -13.7215466984 0.10889240497 193.01634831
601 -13.944879778 0.108911393096 193.019380975
602 -13.7293908679 0.108930087801 193.022148538
603 -13.7920004637 0.108948867758 193.02506771
604 -13.7205905517 0.108967550479 193.027904369
605 -13.7560020875 0.108986281419 193.030801302
606 -13.7752984336 0.109005038633 193.033693664
607 -13.7198806624 0.109023720388 193.036536522
608 -13.882092614 0.10904262302 193.039521576
609 -13.772901195 0.10906137697 193.042347533
610 -13.8962760202 0.109080298915 193.045315016
611 -13.7759220362 0.109099056978 193.048134914
612 -13.8057346851 0.109117855637 193.051035574
613 -13.8481547219 0.109136712057 193.053950847
614 -13.871512235 0.109155600281 193.056860911
615 -13.7585462771 0.109174334685 193.059678656
616 -13.9329821862 0.109193306611 193.062675982
617 -13.6777947883 0.109211931059 193.065404647
618 -13.8268294398 0.109230758441 193.068365993
619 -13.5544733152 0.109249214968 193.07105924
620 -13.7303198289 0.109267910937 193.07401275
621 -13.783670185 0.109286679551 193.076915596
622 -13.8707037771 0.109305566675 193.079852887
623 -13.7437243962 0.109324280897 193.082656129
624 -13.717502002 0.109342959413 193.085503733
625 -13.7656803778 0.109361703531 193.088398035
626 -13.8123184133 0.109380511154 193.091300738
627 -13.5650950705 0.109398982144 193.094004434
628 -13.7678885477 0.109417729269 193.096974859
629 -13.835503555 0.109436568462 193.09989123
630 -13.9466397196 0.109455558985 193.102851954
631 -13.6645798867 0.109474165439 193.105556779
632 -13.7449267504 0.109492881298 193.108458993
633 -13.7005197495 0.10951153669 193.111289038
634 -13.6816303993 0.109530166361 193.114127367
635 -13.5706123268 0.109548644863 193.116895986
636 -13.6989474611 0.109567298114 193.119810448
637 -13.7594035081 0.109586033685 193.122703001
638 -13.6627614097 0.109604637663 193.125496358
639 -13.5808679867 0.109623130131 193.12827952
640 -13.647743688 0.10964171366 193.131150435
641 -13.5701415285 0.109660191521 193.133932441
642 -13.5356207663 0.109678622377 193.136728281
643 -13.5182509696 0.109697029582 193.139528557
644 -13.6047407027 0.109715554556 193.142398199
645 -13.6856876148 0.109734189751 193.145281346
646 -13.6840837215 0.109752822763 193.148122342
647 -13.5190679004 0.10977123108 193.150846831
648 -13.5605976745 0.109789695946 193.153682683
649 -13.651964189 0.109808285222 193.156561883
650 -13.6258888907 0.109826838992 193.159376413
651 -13.198843688 0.109844811273 193.161901327
652 -13.4127489626 0.109863074821 193.16479058
653 -13.341360263 0.109881241161 193.167521861
654 -13.3687548812 0.109899444803 193.170307699
655 -13.2539487549 0.109917492119 193.17299812
656 -13.6016553026 0.109936012891 193.175991356
657 -13.8412790153 0.109954859949 193.178979671
658 -13.8820315059 0.109973762497 193.18187644
659 -13.5363531274 0.109992194351 193.184507831
660 -13.6098448624 0.110010726274 193.187363499
661 -13.6443836428 0.110029305228 193.190206306
662 -13.4651929627 0.110047640186 193.192904614
663 -13.5279565429 0.110066060606 193.195736366
664 -13.611399029 0.110084594646 193.198595197
665 -13.6163982471 0.110103135493 193.201415306
666 -13.757299233 0.110121868199 193.204331978
667 -13.6170200809 0.110140409893 193.2070785
668 -13.6192011499 0.110158954557 193.209896167
669 -13.8099637487 0.110177758974 193.21284703
670 -13.7712377699 0.11019651066 193.215674594
671 -13.7167005202 0.110215188084 193.218482433
672 -13.6697117043 0.110233801526 193.221283794
673 -13.6756842435 0.1102524231 193.224112331
674 -13.7353270957 0.110271125888 193.226979482
675 -13.8090956049 0.110289929122 193.229868387
676 -13.6595904745 0.110308528783 193.232614236
677 -13.6687059898 0.110327140855 193.235440739
678 -13.6437324491 0.110345718922 193.238244504
679 -13.7388133455 0.110364426457 193.24112738
680 -13.6298766281 0.110382985657 193.243885229
681 -13.7483776927 0.110401706215 193.246780705
682 -13.6288136779 0.110420263968 193.249531945
683 -13.6995007046 0.110438917972 193.252392351
684 -13.7405734187 0.110457627903 193.255245877
685 -13.6546943094 0.110476220896 193.258017681
686 -13.7160661802 0.110494897457 193.260875222
687 -13.6309027574 0.110513458054 193.263641407
688 -13.691954549 0.110532101783 193.266492741
689 -13.7997724682 0.110550892323 193.269389124
690 -13.8016211305 0.11056968538 193.272232356
691 -13.6655319381 0.110588293131 193.274978052
692 -13.8080836585 0.110607094988 193.277891874
693 -13.665824248 0.110625703136 193.280633466
694 -13.6680499002 0.110644314315 193.28344722
695 -13.6379285863 0.110662884479 193.286238067
696 -13.7130492606 0.110681556932 193.289096452
697 -13.6952950544 0.11070020521 193.291904207
698 -13.6500385312 0.110718791863 193.294688367
699 -13.5342862732 0.110737220902 193.297412948
700 -13.7676364374 0.110755967684 193.300359515
701 -13.808697642 0.110774770377 193.303217829
702 -13.8184591652 0.110793586362 193.306061952
703 -13.7050992657 0.110812247989 193.30882068
704 -13.7802229408 0.110831011909 193.311688539
705 -13.5915629134 0.110849518939 193.314385223
706 -13.5717758464 0.110867999026 193.317161751
707 -13.6407026486 0.110886572968 193.319996254
708 -13.7092749568 0.110905240281 193.322844118
709 -13.6746799958 0.110923860488 193.325632761
710 -13.7308829821 0.110942557224 193.328477795
711 -13.7207145589 0.110961240114 193.331287017
712 -13.8140522566 0.110980050099 193.334166592
713 -13.8251910023 0.11099887525 193.337006803
714 -13.7909397358 0.111017653762 193.33981675
715 -13.6342807803 0.11103621896 193.342532843
716 -13.7998312533 0.111055009579 193.345443429
717 -13.7961897143 0.111073795241 193.348268126
718 -13.7598853783 0.111092531468 193.351068511
719 -13.4423175541 0.111110835277 193.35366269
720 -13.4538236395 0.111129154754 193.356423245
721 -13.775113477 0.111147911717 193.359403941
722 -13.7463669312 0.111166629537 193.362203191
723 -13.4962133476 0.111185006734 193.364840011
724 -13.6830652397 0.111203638358 193.367733038
725 -13.783594001 0.111222406869 193.370602929
726 -13.6152655555 0.111240946174 193.373303425
727 -13.7491585025 0.111259667795 193.376181877
728 -13.7695846092 0.111278417229 193.37900723
729 -13.8020457112 0.111297210864 193.381844692
730 -13.7114265601 0.111315881107 193.384601552
731 -13.7524820964 0.111334607254 193.387432099
732 -13.6378017226 0.111353177246 193.390160811
733 -13.7135838637 0.111371850426 193.392999699
734 -13.7591059394 0.111390585592 193.395832215
735 -13.5914938546 0.111409092528 193.398523404
736 -13.6212102961 0.111427639928 193.401318795
737 -13.6347612998 0.111446205779 193.404108338
738 -13.6283764202 0.111464762937 193.406886079
739 -13.7948966854 0.111483546838 193.409783712
740 -13.7077265773 0.111502212043 193.412536176
741 -13.5411658805 0.111520650449 193.415214444
742 -13.4691381315 0.111538990779 193.417924769
743 -13.4448872434 0.111557298087 193.420653521
744 -13.6237740067 0.111575848978 193.423519784
745 -13.3692265214 0.111594053262 193.426116932
746 -13.6062064833 0.111612580232 193.429007612
747 -13.4458378491 0.111630888835 193.431666424
748 -13.4972064035 0.111649267384 193.434441051
749 -13.6509860102 0.111667855328 193.437297673
750 -13.6830912442 0.111686486988 193.440099463
751 -13.6124393103 0.111705022444 193.44283496
752 -13.7342532769 0.11172372377 193.44569095
753 -13.6824992851 0.111742354624 193.448449088
754 -13.84863831 0.111761211702 193.451349434
755 -13.6116464837 0.111779746079 193.453999469
756 -13.5502893337 0.111798196909 193.456724317
757 -13.7167711905 0.11181687443 193.459596407
758 -13.526187072 0.11183529244 193.46225069
759 -13.6668947471 0.111853902046 193.465098692
760 -13.5178973547 0.111872308769 193.467771036
761 -13.7575664384 0.111891041839 193.470685879
762 -13.7762592286 0.111909800362 193.473493492
763 -13.605279305 0.111928326069 193.476171008
764 -13.7638429767 0.111947067685 193.479044961
765 -13.6059194515 0.111965594264 193.481728075
766 -13.6067609498 0.111984121989 193.484490215
767 -13.8505252654 0.112002981637 193.487422751
768 -13.64175155 0.112021557006 193.490086119
769 -13.6580568175 0.112040154578 193.492864804
770 -13.6987477589 0.112058807557 193.495663403
771 -13.4917116256 0.112077178624 193.498295627
772 -13.6141854325 0.112095716458 193.501116916
773 -13.3435940916 0.11211388584 193.503686303
774 -13.3234903395 0.112132027848 193.506376353
775 -13.3346431167 0.112150185042 193.509083787
776 -13.4577944964 0.112168509925 193.51187166
777 -13.512912557 0.112186909861 193.514636165
778 -13.5879567378 0.11220541198 193.517425309
779 -13.5255793594 0.112223829164 193.520132589
780 -13.6373847199 0.112242398587 193.522949072
781 -13.4722894285 0.112260743208 193.525593165
782 -13.5597055231 0.112279206859 193.528380686
783 -13.4131678696 0.112297470977 193.531021064
784 -13.5414616325 0.112315909786 193.533824295
785 -13.5828311422 0.112334404927 193.536591909
786 -13.386835802 0.112352633189 193.539200691
787 -13.3845944043 0.112370858399 193.541905388
788 -13.4438329687 0.112389164272 193.544652289
789 -13.4566947891 0.112407487658 193.547378088
790 -13.4066988758 0.112425742967 193.550061844
791 -13.4975373237 0.112444121967 193.552833855
792 -13.4681482293 0.112462460948 193.5555393
793 -13.5105512086 0.112480857668 193.558288689
794 -13.5141373039 0.112499259271 193.561018876
795 -13.6005004142 0.112517778471 193.563807365
796 -13.6037391345 0.112536302081 193.56655442
797 -13.6069808381 0.112554830105 193.569301607
798 -13.5745032687 0.112573313906 193.572023858
799 -13.6086571612 0.112591844213 193.574785791
800 -13.6012505089 0.112610364434 193.577524925
801 -13.6017448152 0.112628885328 193.580267586
802 -13.5912491505 0.112647391931 193.583002112
803 -13.6346727859 0.112665957662 193.585771825
804 -13.6729412775 0.112684575502 193.588546146
805 -13.5789918611 0.112703065414 193.591234902
806 -13.6859483815 0.112721700965 193.594045131
807 -13.5281247897 0.112740121614 193.596690659
808 -13.6117307241 0.112758656106 193.599473216
809 -13.6489657711 0.112777241299 193.602239559
810 -13.5522768544 0.112795694835 193.604918954
811 -13.3093124843 0.112813817537 193.607475803
812 -13.4808293483 0.112832173786 193.610273897
813 -13.3425955357 0.112850341808 193.612888798
814 -13.368168602 0.112868544652 193.615590241
815 -13.4266986242 0.112886827194 193.618319426
816 -13.3667636454 0.112905028125 193.62097682
817 -13.3415147222 0.112923194675 193.623645978
818 -13.4591021132 0.11294152134 193.62640968
819 -13.3394235532 0.112959685043 193.629030193
820 -13.0810459647 0.112977496924 193.63152895
821 -13.2432783686 0.112995529711 193.634270113
822 -13.20223366 0.113013506609 193.636900899
823 -13.0887542384 0.113031328986 193.639472194
824 -13.2691713028 0.11304939703 193.642226167
825 -13.2569662758 0.113067448455 193.644880884
826 -13.2090632342 0.113085434652 193.647507643
827 -13.1357581073 0.113103321033 193.650106502
828 -13.1633898944 0.113121245039 193.652760886
829 -13.267574182 0.113139310908 193.65547395
830 -13.2969121131 0.113157416725 193.658154977
831 -13.4148217478 0.113175683094 193.660903428
832 -13.463378697 0.113194015582 193.663626428
833 -13.4810402793 0.113212372118 193.666337008
834 -13.4901201563 0.113230741018 193.669044604
835 -13.3824860312 0.113248963357 193.671671769
836 -13.4602271527 0.113267291553 193.674406687
837 -13.2945825094 0.113285394198 193.676986233
838 -13.5381216614 0.11330382846 193.67981863
839 -13.397531482 0.113322071286 193.682430304
840 -13.5538739733 0.113340526997 193.685221228
841 -13.4850291107 0.113358888964 193.687885265
842 -13.6887299272 0.113377528303 193.690725814
843 -13.4921971369 0.113395900031 193.693326409
844 -13.5984183246 0.113414416395 193.696099111
845 -13.6576021685 0.113433013348 193.698859606
846 -13.4511301961 0.113451329157 193.701445475
847 -13.2783115078 0.113469409647 193.704013121
848 -13.3924258791 0.113487645521 193.706746541
849 -13.3699283043 0.113505850761 193.709406656
850 -14.862342308 0.113526088155 193.713121826
851 -14.7460562662 0.113546167208 193.716008803
852 -14.7901083895 0.113566306244 193.718984133
853 -14.6924158791 0.113586312257 193.721868474
854 -14.8449134364 0.113606525919 193.724907738
855 -14.6679442413 0.11362649861 193.727746338
856 -14.7693083239 0.113646609324 193.730743722
857 -14.6290676745 0.113666529079 193.733591718
858 -14.6744931394 0.113686510687 193.736541005
859 -14.708585414 0.113706538717 193.739490818
860 -14.7052731146 0.113726562237 193.74242066
861 -14.6371077835 0.11374649294 193.745303884
862 -14.6814983177 0.113766484087 193.748251629
863 -14.6943141041 0.113786492684 193.751185535
864 -14.7246302203 0.113806542562 193.754133623
865 -14.7566599784 0.113826636053 193.757088336
866 -14.6428621304 0.113846574591 193.75994687
867 -14.6656348368 0.113866544137 193.762877621
868 -14.6228673621 0.113886455449 193.765766487
869 -14.6837220202 0.113906449624 193.768718672
870 -14.6697743079 0.113926424807 193.771630077
871 -14.810908862 0.113946592166 193.774646488
872 -14.826460421 0.113966780702 193.777602585
873 -14.8413299436 0.113986989484 193.78056068
874 -14.6503515938 0.11400693822 193.783377278
875 -14.6782706949 0.114026924972 193.78630827
876 -14.7538668409 0.11404701466 193.789277516
877 -14.7879471187 0.114067150754 193.792232163
878 -14.8851501621 0.114087419205 193.795237063
879 -14.8279726016 0.114107609799 193.798152799
880 -14.8476462687 0.114127827182 193.801110251
881 -14.8779504552 0.114148085829 193.804078415
882 -14.5020969382 0.114167832693 193.806768304
883 -14.8243460899 0.11418801835 193.809870583
884 -14.7760850424 0.114208138291 193.812777421
885 -14.7103462783 0.114228168719 193.815661872
886 -14.7060111482 0.114248193244 193.818575561
887 -14.7020169406 0.114268212331 193.821488024
888 -14.5772847279 0.114288061574 193.824314795
889 -14.7369107463 0.114308128174 193.827314778
890 -14.5933103284 0.114327999239 193.830134094
891 -14.7066280898 0.114348024604 193.833103717
892 -14.5870437279 0.114367887137 193.835932606
893 -14.7854166949 0.114388019785 193.838959151
894 -14.7779833574 0.114408142311 193.84188071
895 -14.8302350747 0.114428335986 193.844841842
896 -14.7147722966 0.114448372441 193.847695658
897 -14.5969204049 0.114468248422 193.850524364
898 -14.6196853811 0.114488155401 193.853427286
899 -14.6324985445 0.114508079827 193.856327168
900 -14.5801520696 0.114527932975 193.859183525
901 -14.7438623837 0.114548009041 193.862179673
902 -14.7244301961 0.114568058646 193.865079804
903 -14.7189846861 0.114588100836 193.867985247
904 -14.7233488822 0.114608148969 193.870895853
905 -14.9423961892 0.114628495369 193.873956452
906 -14.7826592253 0.114648624263 193.876795499
907 -14.8137339772 0.114668795469 193.879735476
908 -14.7844351002 0.114688926781 193.882638873
909 -14.8057619838 0.114709087132 193.885571182
910 -14.8540819716 0.114729313278 193.888525908
911 -14.7073363577 0.114749339608 193.891353544
912 -14.826122098 0.114769527683 193.894336767
913 -14.7279288534 0.114789582052 193.897191529
914 -14.7397660416 0.114809652539 193.900103036
915 -14.6218861874 0.114829562515 193.902925849
916 -14.4508197927 0.114849239557 193.905687769
917 -14.4653036851 0.114868936322 193.908544737
918 -14.5107358834 0.114888694949 193.911425543
919 -14.5003190319 0.114908439392 193.914275788
920 -14.4706489076 0.114928143435 193.917109981
921 -14.5248913345 0.114947921337 193.919996223
922 -14.4961409969 0.114967660091 193.922834725
923 -14.4410566675 0.114987323839 193.925648638
924 -14.4450143179 0.115006992976 193.92849227
925 -14.5384553027 0.115026789348 193.931398441
926 -14.4665954934 0.115046487871 193.934207244
927 -14.538663293 0.115066284526 193.937101596
928 -14.6052377436 0.115086171832 193.940005699
929 -14.5587427638 0.115105995828 193.942843538
930 -14.9133702944 0.115126302705 193.94595102
931 -14.7205290644 0.115146346999 193.948746272
932 -14.6250145963 0.115166261234 193.951570829
933 -14.9010306179 0.115186551308 193.954634748
934 -14.8568855937 0.115206781272 193.957529306
935 -14.8402248284 0.11522698855 193.960433723
936 -14.835933677 0.115247189985 193.963342872
937 -14.8994899731 0.115267477962 193.966297802
938 -14.8546877988 0.115287704933 193.969189149
939 -14.8177526177 0.115307881611 193.972076575
940 -14.5515465578 0.115327695809 193.974796568
941 -14.515717893 0.11534746122 193.977624139
942 -15.0861873709 0.115368003414 193.980866069
943 -14.8241065562 0.115388188744 193.983639744
944 -14.7495032175 0.11540827249 193.986491935
945 -14.9326079752 0.115428605562 193.989508237
946 -14.8192741591 0.115448784313 193.992353511
947 -14.9472497429 0.115469137321 193.995343883
948 -14.7695273698 0.115489248334 193.998146004
949 -14.8412829279 0.115509457052 194.001086301
950 -14.9068329503 0.115529755027 194.004035709
951 -14.9058991885 0.115550051731 194.006951078
952 -14.7634640223 0.115570154487 194.009767226
953 -14.8160418453 0.115590328836 194.012690558
954 -14.7764294716 0.115610449247 194.015559444
955 -14.7436548105 0.115630525029 194.018424739
956 -14.7399913332 0.115650595824 194.021303273
957 -14.7712826821 0.115670709226 194.024204795
958 -14.8001921072 0.115690861993 194.02711017
959 -14.8496713044 0.115711082134 194.030034885
960 -14.8169076342 0.115731257661 194.032911473
961 -14.9043951613 0.115751552317 194.035864656
962 -14.9486939864 0.115771907293 194.038804276
963 -14.8960384884 0.115792190569 194.041684527
964 -14.7604913601 0.115812289278 194.044496279
965 -14.7246598919 0.115832339196 194.047350299
966 -14.5185418012 0.115852108452 194.050078388
967 -14.6426940322 0.115872046761 194.052995232
968 -14.4084678683 0.115891666134 194.055686644
969 -14.6854220477 0.115911662624 194.05868704
970 -14.5961308264 0.11593153753 194.061486323
971 -14.6414941529 0.115951474205 194.064361181
972 -14.5779019356 0.115971324289 194.067168585
973 -14.5259542872 0.115991103639 194.069971111
974 -14.7627922407 0.11601120548 194.072963551
975 -14.6351315976 0.116031133492 194.075748294
976 -14.6164315907 0.11605103604 194.078583289
977 -14.5412063489 0.116070836158 194.081374798
978 -14.8074976512 0.116090998872 194.084388276
979 -14.79390103 0.116111143073 194.087258561
980 -14.5795911793 0.116130995458 194.08998622
981 -14.6660488062 0.116150965568 194.092880483
982 -14.8172339018 0.11617114154 194.095835898
983 -14.7166538549 0.116191180556 194.098645283
984 -14.6684859441 0.116211153985 194.101470921
985 -14.6723762262 0.116231132711 194.104322751
986 -15.0465170674 0.116251620888 194.107431761
987 -14.9500362753 0.116271977691 194.110286108
988 -14.9090650265 0.116292278705 194.113159641
989 -14.7978794655 0.116312428323 194.115975881
990 -14.8863654086 0.116332698429 194.11890852
991 -14.8625044487 0.116352936044 194.121779748
992 -14.8472143397 0.116373152839 194.124651689
993 -14.841860947 0.116393362344 194.127526953
994 -14.8313713388 0.116413557567 194.130397011
995 -14.9958762126 0.116433976788 194.133385842
996 -14.9429039359 0.11645432388 194.136255053
997 -14.8283012224 0.116474514922 194.139070633
998 -14.8469205932 0.116494731317 194.141955827
999 -14.7504774593 0.11651481639 194.144764208
