%time Sun_profile Power_pv
0 78.0136 674.568358803
1 78.0136 674.568358803
2 78.0136 674.568358803
3 78.0136 674.568358803
4 78.0136 674.568358803
5 78.0136 674.568358803
6 78.0136 674.568358803
7 78.0136 674.568358803
8 78.0136 674.568358803
9 78.0136 674.568358803
10 78.0136 674.568358803
11 78.0136 674.568358803
12 78.0136 674.568358803
13 78.0136 674.568358803
14 78.0136 674.568358803
15 78.0136 674.568358803
16 78.0136 674.568358803
17 78.0136 674.568358803
18 78.0136 674.568358803
19 78.0136 674.568358803
20 78.0136 674.568358803
21 78.0136 674.568358803
22 78.0136 674.568358803
23 78.0136 674.568358803
24 78.0136 674.568358803
25 78.0136 674.568358803
26 78.0136 674.568358803
27 78.0136 674.568358803
28 78.0136 674.568358803
29 78.0136 674.568358803
30 78.0136 674.568358803
31 78.0136 674.568358803
32 78.0136 674.568358803
33 78.0136 674.568358803
34 78.0136 674.568358803
35 78.0136 674.568358803
36 78.0136 674.568358803
37 78.0136 674.568358803
38 78.0136 674.568358803
39 78.0136 674.568358803
40 78.0136 674.568358803
41 78.0136 674.568358803
42 78.0136 674.568358803
43 78.0136 674.568358803
44 78.0136 674.568358803
45 78.0136 674.568358803
46 78.0136 674.568358803
47 78.0136 674.568358803
48 78.0136 674.568358803
49 78.0136 674.568358803
50 78.0136 674.568358803
51 78.0136 674.568358803
52 78.0136 674.568358803
53 78.0136 674.568358803
54 78.0136 674.568358803
55 78.0136 674.568358803
56 78.0136 674.568358803
57 78.0136 674.568358803
58 78.0136 674.568358803
59 78.0136 674.568358803
60 78.0136 674.568358803
61 78.0136 674.568358803
62 78.0136 674.568358803
63 78.0136 674.568358803
64 78.0136 674.568358803
65 78.0136 674.568358803
66 78.0136 674.568358803
67 78.0136 674.568358803
68 78.0136 674.568358803
69 78.0136 674.568358803
70 78.0136 674.568358803
71 78.0136 674.568358803
72 78.0136 674.568358803
73 78.0136 674.568358803
74 78.0136 674.568358803
75 78.0136 674.568358803
76 78.0136 674.568358803
77 78.0136 674.568358803
78 78.0136 674.568358803
79 78.0136 674.568358803
80 78.0136 674.568358803
81 78.0136 674.568358803
82 78.0136 674.568358803
83 78.0136 674.568358803
84 78.0136 674.568358803
85 78.0136 674.568358803
86 78.0136 674.568358803
87 78.0136 674.568358803
88 78.0136 674.568358803
89 78.0136 674.568358803
90 78.0136 674.568358803
91 78.0136 674.568358803
92 78.0136 674.568358803
93 78.0136 674.568358803
94 78.0136 674.568358803
95 78.0136 674.568358803
96 78.0136 674.568358803
97 78.0136 674.568358803
98 78.0136 674.568358803
99 78.0136 674.568358803
100 78.0136 674.568358803
101 78.0136 674.568358803
102 78.0136 674.568358803
103 78.0136 674.568358803
104 78.0136 674.568358803
105 78.0136 674.568358803
106 78.0136 674.568358803
107 78.0136 674.568358803
108 78.0136 674.568358803
109 78.0136 674.568358803
110 78.0136 674.568358803
111 78.0136 674.568358803
112 78.0136 674.568358803
113 78.0136 674.568358803
114 78.0136 674.568358803
115 78.0136 674.568358803
116 78.0136 674.568358803
117 78.0136 674.568358803
118 78.0136 674.568358803
119 78.0136 674.568358803
120 78.0136 674.568358803
121 78.0136 674.568358803
122 78.0136 674.568358803
123 78.0136 674.568358803
124 78.0136 674.568358803
125 78.0136 674.568358803
126 78.0136 674.568358803
127 78.0136 674.568358803
128 78.0136 674.568358803
129 78.0136 674.568358803
130 78.0136 674.568358803
131 78.0136 674.568358803
132 78.0136 674.568358803
133 78.0136 674.568358803
134 78.0136 674.568358803
135 78.0136 674.568358803
136 78.0136 674.568358803
137 78.0136 674.568358803
138 78.0136 674.568358803
139 78.0136 674.568358803
140 78.0136 674.568358803
141 78.0136 674.568358803
142 78.0136 674.568358803
143 78.0136 674.568358803
144 78.0136 674.568358803
145 78.0136 674.568358803
146 78.0136 674.568358803
147 78.0136 674.568358803
148 78.0136 674.568358803
149 78.0136 674.568358803
150 78.0136 674.568358803
151 78.0136 674.568358803
152 78.0136 674.568358803
153 78.0136 674.568358803
154 78.0136 674.568358803
155 78.0136 674.568358803
156 78.0136 674.568358803
157 78.0136 674.568358803
158 78.0136 674.568358803
159 78.0136 674.568358803
160 78.0136 674.568358803
161 78.0136 674.568358803
162 78.0136 674.568358803
163 78.0136 674.568358803
164 78.0136 674.568358803
165 78.0136 674.568358803
166 78.0136 674.568358803
167 78.0136 674.568358803
168 78.0136 674.568358803
169 78.0136 674.568358803
170 78.0136 674.568358803
171 78.0136 674.568358803
172 78.0136 674.568358803
173 78.0136 674.568358803
174 78.0136 674.568358803
175 78.0136 674.568358803
176 78.0136 674.568358803
177 78.0136 674.568358803
178 78.0136 674.568358803
179 78.0136 674.568358803
180 78.0136 674.568358803
181 78.0136 674.568358803
182 78.0136 674.568358803
183 78.0136 674.568358803
184 78.0136 674.568358803
185 78.0136 674.568358803
186 78.0136 674.568358803
187 78.0136 674.568358803
188 78.0136 674.568358803
189 78.0136 674.568358803
190 78.0136 674.568358803
191 78.0136 674.568358803
192 78.0136 674.568358803
193 78.0136 674.568358803
194 78.0136 674.568358803
195 78.0136 674.568358803
196 78.0136 674.568358803
197 78.0136 674.568358803
198 78.0136 674.568358803
199 78.0136 674.568358803
200 78.0136 674.568358803
201 78.0136 674.568358803
202 78.0136 674.568358803
203 78.0136 674.568358803
204 78.0136 674.568358803
205 78.0136 674.568358803
206 78.0136 674.568358803
207 78.0136 674.568358803
208 78.0136 674.568358803
209 78.0136 674.568358803
210 78.0136 674.568358803
211 78.0136 674.568358803
212 78.0136 674.568358803
213 78.0136 674.568358803
214 78.0136 674.568358803
215 78.0136 674.568358803
216 78.0136 674.568358803
217 78.0136 674.568358803
218 78.0136 674.568358803
219 78.0136 674.568358803
220 78.0136 674.568358803
221 78.0136 674.568358803
222 78.0136 674.568358803
223 78.0136 674.568358803
224 78.0136 674.568358803
225 78.0136 674.568358803
226 78.0136 674.568358803
227 78.0136 674.568358803
228 78.0136 674.568358803
229 78.0136 674.568358803
230 78.0136 674.568358803
231 78.0136 674.568358803
232 78.0136 674.568358803
233 78.0136 674.568358803
234 78.0136 674.568358803
235 78.0136 674.568358803
236 78.0136 674.568358803
237 78.0136 674.568358803
238 78.0136 674.568358803
239 78.0136 674.568358803
240 78.0136 674.568358803
241 78.0136 674.568358803
242 78.0136 674.568358803
243 78.0136 674.568358803
244 78.0136 674.568358803
245 78.0136 674.568358803
246 78.0136 674.568358803
247 78.0136 674.568358803
248 78.0136 674.568358803
249 78.0136 674.568358803
250 78.0136 674.568358803
251 78.0136 674.568358803
252 78.0136 674.568358803
253 78.0136 674.568358803
254 78.0136 674.568358803
255 78.0136 674.568358803
256 78.0136 674.568358803
257 78.0136 674.568358803
258 78.0136 674.568358803
259 78.0136 674.568358803
260 78.0136 674.568358803
261 78.0136 674.568358803
262 78.0136 674.568358803
263 78.0136 674.568358803
264 78.0136 674.568358803
265 78.0136 674.568358803
266 78.0136 674.568358803
267 78.0136 674.568358803
268 78.0136 674.568358803
269 78.0136 674.568358803
270 78.0136 674.568358803
271 78.0136 674.568358803
272 78.0136 674.568358803
273 78.0136 674.568358803
274 78.0136 674.568358803
275 78.0136 674.568358803
276 78.0136 674.568358803
277 78.0136 674.568358803
278 78.0136 674.568358803
279 78.0136 674.568358803
280 78.0136 674.568358803
281 78.0136 674.568358803
282 78.0136 674.568358803
283 78.0136 674.568358803
284 78.0136 674.568358803
285 78.0136 674.568358803
286 78.0136 674.568358803
287 78.0136 674.568358803
288 78.0136 674.568358803
289 78.0136 674.568358803
290 78.0136 674.568358803
291 78.0136 674.568358803
292 78.0136 674.568358803
293 78.0136 674.568358803
294 78.0136 674.568358803
295 78.0136 674.568358803
296 78.0136 674.568358803
297 78.0136 674.568358803
298 78.0136 674.568358803
299 78.0136 674.568358803
300 78.0136 674.568358803
301 78.0136 674.568358803
302 78.0136 674.568358803
303 78.0136 674.568358803
304 78.0136 674.568358803
305 78.0136 674.568358803
306 78.0136 674.568358803
307 78.0136 674.568358803
308 78.0136 674.568358803
309 78.0136 674.568358803
310 78.0136 674.568358803
311 78.0136 674.568358803
312 78.0136 674.568358803
313 78.0136 674.568358803
314 78.0136 674.568358803
315 78.0136 674.568358803
316 78.0136 674.568358803
317 78.0136 674.568358803
318 78.0136 674.568358803
319 78.0136 674.568358803
320 78.0136 674.568358803
321 78.0136 674.568358803
322 78.0136 674.568358803
323 78.0136 674.568358803
324 78.0136 674.568358803
325 78.0136 674.568358803
326 78.0136 674.568358803
327 78.0136 674.568358803
328 78.0136 674.568358803
329 78.0136 674.568358803
330 78.0136 674.568358803
331 78.0136 674.568358803
332 78.0136 674.568358803
333 78.0136 674.568358803
334 78.0136 674.568358803
335 78.0136 674.568358803
336 78.0136 674.568358803
337 78.0136 674.568358803
338 78.0136 674.568358803
339 78.0136 674.568358803
340 78.0136 674.568358803
341 78.0136 674.568358803
342 78.0136 674.568358803
343 78.0136 674.568358803
344 78.0136 674.568358803
345 78.0136 674.568358803
346 78.0136 674.568358803
347 78.0136 674.568358803
348 78.0136 674.568358803
349 78.0136 674.568358803
350 78.0136 674.568358803
351 78.0136 674.568358803
352 78.0136 674.568358803
353 78.0136 674.568358803
354 78.0136 674.568358803
355 78.0136 674.568358803
356 78.0136 674.568358803
357 78.0136 674.568358803
358 78.0136 674.568358803
359 78.0136 674.568358803
360 78.0136 674.568358803
361 78.0136 674.568358803
362 78.0136 674.568358803
363 78.0136 674.568358803
364 78.0136 674.568358803
365 78.0136 674.568358803
366 78.0136 674.568358803
367 78.0136 674.568358803
368 78.0136 674.568358803
369 78.0136 674.568358803
370 78.0136 674.568358803
371 78.0136 674.568358803
372 78.0136 674.568358803
373 78.0136 674.568358803
374 78.0136 674.568358803
375 78.0136 674.568358803
376 78.0136 674.568358803
377 78.0136 674.568358803
378 78.0136 674.568358803
379 78.0136 674.568358803
380 78.0136 674.568358803
381 78.0136 674.568358803
382 78.0136 674.568358803
383 78.0136 674.568358803
384 78.0136 674.568358803
385 78.0136 674.568358803
386 78.0136 674.568358803
387 78.0136 674.568358803
388 78.0136 674.568358803
389 78.0136 674.568358803
390 78.0136 674.568358803
391 78.0136 674.568358803
392 78.0136 674.568358803
393 78.0136 674.568358803
394 78.0136 674.568358803
395 78.0136 674.568358803
396 78.0136 674.568358803
397 78.0136 674.568358803
398 78.0136 674.568358803
399 78.0136 674.568358803
400 78.0136 674.568358803
401 78.0136 674.568358803
402 78.0136 674.568358803
403 78.0136 674.568358803
404 78.0136 674.568358803
405 78.0136 674.568358803
406 78.0136 674.568358803
407 78.0136 674.568358803
408 78.0136 674.568358803
409 78.0136 674.568358803
410 78.0136 674.568358803
411 78.0136 674.568358803
412 78.0136 674.568358803
413 78.0136 674.568358803
414 78.0136 674.568358803
415 78.0136 674.568358803
416 78.0136 674.568358803
417 78.0136 674.568358803
418 78.0136 674.568358803
419 78.0136 674.568358803
420 78.0136 674.568358803
421 78.0136 674.568358803
422 78.0136 674.568358803
423 78.0136 674.568358803
424 78.0136 674.568358803
425 78.0136 674.568358803
426 78.0136 674.568358803
427 78.0136 674.568358803
428 78.0136 674.568358803
429 78.0136 674.568358803
430 78.0136 674.568358803
431 78.0136 674.568358803
432 78.0136 674.568358803
433 78.0136 674.568358803
434 78.0136 674.568358803
435 78.0136 674.568358803
436 78.0136 674.568358803
437 78.0136 674.568358803
438 78.0136 674.568358803
439 78.0136 674.568358803
440 78.0136 674.568358803
441 78.0136 674.568358803
442 78.0136 674.568358803
443 78.0136 674.568358803
444 78.0136 674.568358803
445 78.0136 674.568358803
446 78.0136 674.568358803
447 78.0136 674.568358803
448 78.0136 674.568358803
449 78.0136 674.568358803
450 78.0136 674.568358803
451 78.0136 674.568358803
452 78.0136 674.568358803
453 78.0136 674.568358803
454 78.0136 674.568358803
455 78.0136 674.568358803
456 78.0136 674.568358803
457 78.0136 674.568358803
458 78.0136 674.568358803
459 78.0136 674.568358803
460 78.0136 674.568358803
461 78.0136 674.568358803
462 78.0136 674.568358803
463 78.0136 674.568358803
464 78.0136 674.568358803
465 78.0136 674.568358803
466 78.0136 674.568358803
467 78.0136 674.568358803
468 78.0136 674.568358803
469 78.0136 674.568358803
470 78.0136 674.568358803
471 78.0136 674.568358803
472 78.0136 674.568358803
473 78.0136 674.568358803
474 78.0136 674.568358803
475 78.0136 674.568358803
476 78.0136 674.568358803
477 78.0136 674.568358803
478 78.0136 674.568358803
479 78.0136 674.568358803
480 78.0136 674.568358803
481 78.0136 674.568358803
482 78.0136 674.568358803
483 78.0136 674.568358803
484 78.0136 674.568358803
485 78.0136 674.568358803
486 78.0136 674.568358803
487 78.0136 674.568358803
488 78.0136 674.568358803
489 78.0136 674.568358803
490 78.0136 674.568358803
491 78.0136 674.568358803
492 78.0136 674.568358803
493 78.0136 674.568358803
494 78.0136 674.568358803
495 78.0136 674.568358803
496 78.0136 674.568358803
497 78.0136 674.568358803
498 78.0136 674.568358803
499 78.0136 674.568358803
500 78.0136 674.568358803
501 78.0136 674.568358803
502 78.0136 674.568358803
503 78.0136 674.568358803
504 78.0136 674.568358803
505 78.0136 674.568358803
506 78.0136 674.568358803
507 78.0136 674.568358803
508 78.0136 674.568358803
509 78.0136 674.568358803
510 78.0136 674.568358803
511 78.0136 674.568358803
512 78.0136 674.568358803
513 78.0136 674.568358803
514 78.0136 674.568358803
515 78.0136 674.568358803
516 78.0136 674.568358803
517 78.0136 674.568358803
518 78.0136 674.568358803
519 78.0136 674.568358803
520 78.0136 674.568358803
521 78.0136 674.568358803
522 78.0136 674.568358803
523 78.0136 674.568358803
524 78.0136 674.568358803
525 78.0136 674.568358803
526 78.0136 674.568358803
527 78.0136 674.568358803
528 78.0136 674.568358803
529 78.0136 674.568358803
530 78.0136 674.568358803
531 78.0136 674.568358803
532 78.0136 674.568358803
533 78.0136 674.568358803
534 78.0136 674.568358803
535 78.0136 674.568358803
536 78.0136 674.568358803
537 78.0136 674.568358803
538 78.0136 674.568358803
539 78.0136 674.568358803
540 78.0136 674.568358803
541 78.0136 674.568358803
542 78.0136 674.568358803
543 78.0136 674.568358803
544 78.0136 674.568358803
545 78.0136 674.568358803
546 78.0136 674.568358803
547 78.0136 674.568358803
548 78.0136 674.568358803
549 78.0136 674.568358803
550 78.0136 674.568358803
551 78.0136 674.568358803
552 78.0136 674.568358803
553 78.0136 674.568358803
554 78.0136 674.568358803
555 78.0136 674.568358803
556 78.0136 674.568358803
557 78.0136 674.568358803
558 78.0136 674.568358803
559 78.0136 674.568358803
560 78.0136 674.568358803
561 78.0136 674.568358803
562 78.0136 674.568358803
563 78.0136 674.568358803
564 78.0136 674.568358803
565 78.0136 674.568358803
566 78.0136 674.568358803
567 78.0136 674.568358803
568 78.0136 674.568358803
569 78.0136 674.568358803
570 78.0136 674.568358803
571 78.0136 674.568358803
572 78.0136 674.568358803
573 78.0136 674.568358803
574 78.0136 674.568358803
575 78.0136 674.568358803
576 78.0136 674.568358803
577 78.0136 674.568358803
578 78.0136 674.568358803
579 78.0136 674.568358803
580 78.0136 674.568358803
581 78.0136 674.568358803
582 78.0136 674.568358803
583 78.0136 674.568358803
584 78.0136 674.568358803
585 78.0136 674.568358803
586 78.0136 674.568358803
587 78.0136 674.568358803
588 78.0136 674.568358803
589 78.0136 674.568358803
590 78.0136 674.568358803
591 78.0136 674.568358803
592 78.0136 674.568358803
593 78.0136 674.568358803
594 78.0136 674.568358803
595 78.0136 674.568358803
596 78.0136 674.568358803
597 78.0136 674.568358803
598 78.0136 674.568358803
599 78.0136 674.568358803
600 78.0136 674.568358803
601 78.0136 674.568358803
602 78.0136 674.568358803
603 78.0136 674.568358803
604 78.0136 674.568358803
605 78.0136 674.568358803
606 78.0136 674.568358803
607 78.0136 674.568358803
608 78.0136 674.568358803
609 78.0136 674.568358803
610 78.0136 674.568358803
611 78.0136 674.568358803
612 78.0136 674.568358803
613 78.0136 674.568358803
614 78.0136 674.568358803
615 78.0136 674.568358803
616 78.0136 674.568358803
617 78.0136 674.568358803
618 78.0136 674.568358803
619 78.0136 674.568358803
620 78.0136 674.568358803
621 78.0136 674.568358803
622 78.0136 674.568358803
623 78.0136 674.568358803
624 78.0136 674.568358803
625 78.0136 674.568358803
626 78.0136 674.568358803
627 78.0136 674.568358803
628 78.0136 674.568358803
629 78.0136 674.568358803
630 78.0136 674.568358803
631 78.0136 674.568358803
632 78.0136 674.568358803
633 78.0136 674.568358803
634 78.0136 674.568358803
635 78.0136 674.568358803
636 78.0136 674.568358803
637 78.0136 674.568358803
638 78.0136 674.568358803
639 78.0136 674.568358803
640 78.0136 674.568358803
641 78.0136 674.568358803
642 78.0136 674.568358803
643 78.0136 674.568358803
644 78.0136 674.568358803
645 78.0136 674.568358803
646 78.0136 674.568358803
647 78.0136 674.568358803
648 78.0136 674.568358803
649 78.0136 674.568358803
650 78.0136 674.568358803
651 78.0136 674.568358803
652 78.0136 674.568358803
653 78.0136 674.568358803
654 78.0136 674.568358803
655 78.0136 674.568358803
656 78.0136 674.568358803
657 78.0136 674.568358803
658 78.0136 674.568358803
659 78.0136 674.568358803
660 78.0136 674.568358803
661 78.0136 674.568358803
662 78.0136 674.568358803
663 78.0136 674.568358803
664 78.0136 674.568358803
665 78.0136 674.568358803
666 78.0136 674.568358803
667 78.0136 674.568358803
668 78.0136 674.568358803
669 78.0136 674.568358803
670 78.0136 674.568358803
671 78.0136 674.568358803
672 78.0136 674.568358803
673 78.0136 674.568358803
674 78.0136 674.568358803
675 78.0136 674.568358803
676 78.0136 674.568358803
677 78.0136 674.568358803
678 78.0136 674.568358803
679 78.0136 674.568358803
680 78.0136 674.568358803
681 78.0136 674.568358803
682 78.0136 674.568358803
683 78.0136 674.568358803
684 78.0136 674.568358803
685 78.0136 674.568358803
686 78.0136 674.568358803
687 78.0136 674.568358803
688 78.0136 674.568358803
689 78.0136 674.568358803
690 78.0136 674.568358803
691 78.0136 674.568358803
692 78.0136 674.568358803
693 78.0136 674.568358803
694 78.0136 674.568358803
695 78.0136 674.568358803
696 78.0136 674.568358803
697 78.0136 674.568358803
698 78.0136 674.568358803
699 78.0136 674.568358803
700 78.0136 674.568358803
701 78.0136 674.568358803
702 78.0136 674.568358803
703 78.0136 674.568358803
704 78.0136 674.568358803
705 78.0136 674.568358803
706 78.0136 674.568358803
707 78.0136 674.568358803
708 78.0136 674.568358803
709 78.0136 674.568358803
710 78.0136 674.568358803
711 78.0136 674.568358803
712 78.0136 674.568358803
713 78.0136 674.568358803
714 78.0136 674.568358803
715 78.0136 674.568358803
716 78.0136 674.568358803
717 78.0136 674.568358803
718 78.0136 674.568358803
719 78.0136 674.568358803
720 78.0136 674.568358803
721 78.0136 674.568358803
722 78.0136 674.568358803
723 78.0136 674.568358803
724 78.0136 674.568358803
725 78.0136 674.568358803
726 78.0136 674.568358803
727 78.0136 674.568358803
728 78.0136 674.568358803
729 78.0136 674.568358803
730 78.0136 674.568358803
731 78.0136 674.568358803
732 78.0136 674.568358803
733 78.0136 674.568358803
734 78.0136 674.568358803
735 78.0136 674.568358803
736 78.0136 674.568358803
737 78.0136 674.568358803
738 78.0136 674.568358803
739 78.0136 674.568358803
740 78.0136 674.568358803
741 78.0136 674.568358803
742 78.0136 674.568358803
743 78.0136 674.568358803
744 78.0136 674.568358803
745 78.0136 674.568358803
746 78.0136 674.568358803
747 78.0136 674.568358803
748 78.0136 674.568358803
749 78.0136 674.568358803
750 78.0136 674.568358803
751 78.0136 674.568358803
752 78.0136 674.568358803
753 78.0136 674.568358803
754 78.0136 674.568358803
755 78.0136 674.568358803
756 78.0136 674.568358803
757 78.0136 674.568358803
758 78.0136 674.568358803
759 78.0136 674.568358803
760 78.0136 674.568358803
761 78.0136 674.568358803
762 78.0136 674.568358803
763 78.0136 674.568358803
764 78.0136 674.568358803
765 78.0136 674.568358803
766 78.0136 674.568358803
767 78.0136 674.568358803
768 78.0136 674.568358803
769 78.0136 674.568358803
770 78.0136 674.568358803
771 78.0136 674.568358803
772 78.0136 674.568358803
773 78.0136 674.568358803
774 78.0136 674.568358803
775 78.0136 674.568358803
776 78.0136 674.568358803
777 78.0136 674.568358803
778 78.0136 674.568358803
779 78.0136 674.568358803
780 78.0136 674.568358803
781 78.0136 674.568358803
782 78.0136 674.568358803
783 78.0136 674.568358803
784 78.0136 674.568358803
785 78.0136 674.568358803
786 78.0136 674.568358803
787 78.0136 674.568358803
788 78.0136 674.568358803
789 78.0136 674.568358803
790 78.0136 674.568358803
791 78.0136 674.568358803
792 78.0136 674.568358803
793 78.0136 674.568358803
794 78.0136 674.568358803
795 78.0136 674.568358803
796 78.0136 674.568358803
797 78.0136 674.568358803
798 78.0136 674.568358803
799 78.0136 674.568358803
800 78.0136 674.568358803
801 78.0136 674.568358803
802 78.0136 674.568358803
803 78.0136 674.568358803
804 78.0136 674.568358803
805 78.0136 674.568358803
806 78.0136 674.568358803
807 78.0136 674.568358803
808 78.0136 674.568358803
809 78.0136 674.568358803
810 78.0136 674.568358803
811 78.0136 674.568358803
812 78.0136 674.568358803
813 78.0136 674.568358803
814 78.0136 674.568358803
815 78.0136 674.568358803
816 78.0136 674.568358803
817 78.0136 674.568358803
818 78.0136 674.568358803
819 78.0136 674.568358803
820 78.0136 674.568358803
821 78.0136 674.568358803
822 78.0136 674.568358803
823 78.0136 674.568358803
824 78.0136 674.568358803
825 78.0136 674.568358803
826 78.0136 674.568358803
827 78.0136 674.568358803
828 78.0136 674.568358803
829 78.0136 674.568358803
830 78.0136 674.568358803
831 78.0136 674.568358803
832 78.0136 674.568358803
833 78.0136 674.568358803
834 78.0136 674.568358803
835 78.0136 674.568358803
836 78.0136 674.568358803
837 78.0136 674.568358803
838 78.0136 674.568358803
839 78.0136 674.568358803
840 78.0136 674.568358803
841 78.0136 674.568358803
842 78.0136 674.568358803
843 78.0136 674.568358803
844 78.0136 674.568358803
845 78.0136 674.568358803
846 78.0136 674.568358803
847 78.0136 674.568358803
848 78.0136 674.568358803
849 78.0136 674.568358803
850 78.0136 674.568358803
851 78.0136 674.568358803
852 78.0136 674.568358803
853 78.0136 674.568358803
854 78.0136 674.568358803
855 78.0136 674.568358803
856 78.0136 674.568358803
857 78.0136 674.568358803
858 78.0136 674.568358803
859 78.0136 674.568358803
860 78.0136 674.568358803
861 78.0136 674.568358803
862 78.0136 674.568358803
863 78.0136 674.568358803
864 78.0136 674.568358803
865 78.0136 674.568358803
866 78.0136 674.568358803
867 78.0136 674.568358803
868 78.0136 674.568358803
869 78.0136 674.568358803
870 78.0136 674.568358803
871 78.0136 674.568358803
872 78.0136 674.568358803
873 78.0136 674.568358803
874 78.0136 674.568358803
875 78.0136 674.568358803
876 78.0136 674.568358803
877 78.0136 674.568358803
878 78.0136 674.568358803
879 78.0136 674.568358803
880 78.0136 674.568358803
881 78.0136 674.568358803
882 78.0136 674.568358803
883 78.0136 674.568358803
884 78.0136 674.568358803
885 78.0136 674.568358803
886 78.0136 674.568358803
887 78.0136 674.568358803
888 78.0136 674.568358803
889 78.0136 674.568358803
890 78.0136 674.568358803
891 78.0136 674.568358803
892 78.0136 674.568358803
893 78.0136 674.568358803
894 78.0136 674.568358803
895 78.0136 674.568358803
896 78.0136 674.568358803
897 78.0136 674.568358803
898 78.0136 674.568358803
899 78.0136 674.568358803
900 78.0136 674.568358803
901 78.0136 674.568358803
902 78.0136 674.568358803
903 78.0136 674.568358803
904 78.0136 674.568358803
905 78.0136 674.568358803
906 78.0136 674.568358803
907 78.0136 674.568358803
908 78.0136 674.568358803
909 78.0136 674.568358803
910 78.0136 674.568358803
911 78.0136 674.568358803
912 78.0136 674.568358803
913 78.0136 674.568358803
914 78.0136 674.568358803
915 78.0136 674.568358803
916 78.0136 674.568358803
917 78.0136 674.568358803
918 78.0136 674.568358803
919 78.0136 674.568358803
920 78.0136 674.568358803
921 78.0136 674.568358803
922 78.0136 674.568358803
923 78.0136 674.568358803
924 78.0136 674.568358803
925 78.0136 674.568358803
926 78.0136 674.568358803
927 78.0136 674.568358803
928 78.0136 674.568358803
929 78.0136 674.568358803
930 78.0136 674.568358803
931 78.0136 674.568358803
932 78.0136 674.568358803
933 78.0136 674.568358803
934 78.0136 674.568358803
935 78.0136 674.568358803
936 78.0136 674.568358803
937 78.0136 674.568358803
938 78.0136 674.568358803
939 78.0136 674.568358803
940 78.0136 674.568358803
941 78.0136 674.568358803
942 78.0136 674.568358803
943 78.0136 674.568358803
944 78.0136 674.568358803
945 78.0136 674.568358803
946 78.0136 674.568358803
947 78.0136 674.568358803
948 78.0136 674.568358803
949 78.0136 674.568358803
950 78.0136 674.568358803
951 78.0136 674.568358803
952 78.0136 674.568358803
953 78.0136 674.568358803
954 78.0136 674.568358803
955 78.0136 674.568358803
956 78.0136 674.568358803
957 78.0136 674.568358803
958 78.0136 674.568358803
959 78.0136 674.568358803
960 78.0136 674.568358803
961 78.0136 674.568358803
962 78.0136 674.568358803
963 78.0136 674.568358803
964 78.0136 674.568358803
965 78.0136 674.568358803
966 78.0136 674.568358803
967 78.0136 674.568358803
968 78.0136 674.568358803
969 78.0136 674.568358803
970 78.0136 674.568358803
971 78.0136 674.568358803
972 78.0136 674.568358803
973 78.0136 674.568358803
974 78.0136 674.568358803
975 78.0136 674.568358803
976 78.0136 674.568358803
977 78.0136 674.568358803
978 78.0136 674.568358803
979 78.0136 674.568358803
980 78.0136 674.568358803
981 78.0136 674.568358803
982 78.0136 674.568358803
983 78.0136 674.568358803
984 78.0136 674.568358803
985 78.0136 674.568358803
986 78.0136 674.568358803
987 78.0136 674.568358803
988 78.0136 674.568358803
989 78.0136 674.568358803
990 78.0136 674.568358803
991 78.0136 674.568358803
992 78.0136 674.568358803
993 78.0136 674.568358803
994 78.0136 674.568358803
995 78.0136 674.568358803
996 78.0136 674.568358803
997 78.0136 674.568358803
998 78.0136 674.568358803
999 78.0136 674.568358803
