%time Sun_profile Power_pv
0 0 0
100 0 0
200 0 0
300 0 0
400 0 0
500 0 0
600 0 0
700 0 0
800 0 0
900 0 0
1000 0 0
1100 0 0
1200 0 0
1300 0 0
1400 0 0
1500 0 0
1600 0 0
1700 0 0
1800 0 0
1900 0 0
2000 0 0
2100 0 0
2200 0 0
2300 0 0
2400 0 0
2500 0 0
2600 0 0
2700 0 0
2800 0 0
2900 0 0
3000 0 0
3100 0 0
3200 0 0
3300 0 0
3400 0 0
3500 0 0
3600 0 0
3700 0 0
3800 0 0
3900 0 0
4000 0 0
4100 0 0
4200 0 0
4300 0 0
4400 0 0
4500 0 0
4600 0 0
4700 0 0
4800 0 0
4900 0 0
5000 0 0
5100 0 0
5200 0 0
5300 0 0
5400 0 0
5500 0 0
5600 0 0
5700 0 0
5800 0 0
5900 0 0
6000 0 0
6100 0 0
6200 0 0
6300 0 0
6400 0 0
6500 0 0
6600 0 0
6700 0 0
6800 0 0
6900 0 0
7000 0 0
7100 0 0
7200 0 0
7300 0 0
7400 0 0
7500 0 0
7600 0 0
7700 0 0
7800 0 0
7900 0 0
8000 0 0
8100 0 0
8200 0 0
8300 0 0
8400 0 0
8500 0 0
8600 0 0
8700 0 0
8800 0 0
8900 0 0
9000 0 0
9100 0 0
9200 0 0
9300 0 0
9400 0 0
9500 0 0
9600 0 0
9700 0 0
9800 0 0
9900 0 0
10000 0 0
10100 0 0
10200 1.1513 5.15127124737
10300 2.34101 10.4703146791
10400 3.8218 17.0849529624
10500 5.69022 25.4219903242
10600 7.66284 34.212958888
10700 9.45247 42.1786793522
10800 11.6395 51.9006938889
10900 12.991 57.9016460496
11000 14.1544 63.0631992502
11100 16.0394 71.4179975047
11200 17.7819 79.1321935351
11300 20.1004 89.3830287317
11400 23.7156 105.336705768
11500 27.4699 121.865415834
11600 32.985 146.075157737
11700 64.9656 284.840748915
11800 101.486 440.10048774
11900 120.737 520.65690561
12000 142.626 611.240258139
12100 153.213 654.683056956
12200 162.283 691.716453956
12300 175.912 747.054137068
12400 189.325 801.163311166
12500 201.315 849.248128302
12600 214.047 900.026737028
12700 224.689 942.255425919
12800 234.277 980.140580502
12900 245.264 1023.3725223
13000 253.553 1055.86468583
13100 264.077 1096.97028669
13200 277.401 1148.78525436
13300 288.26 1190.83517235
13400 296.985 1224.51032358
13500 309.088 1271.06686052
13600 320.613 1315.23943165
13700 330.653 1353.59960797
13800 344.332 1405.69336529
13900 355.141 1446.72723642
14000 364.072 1480.55068672
14100 378.092 1533.50961424
14200 388.022 1570.92479747
14300 396.506 1602.83451502
14400 406.106 1638.88287031
14500 414.244 1669.39604944
14600 415.385 1673.67106022
14700 287.979 1189.74899933
14800 147.872 632.796128909
14900 74.8552 327.211413636
15000 69.9223 306.108143801
15100 70.3337 307.870494858
15200 71.4952 312.84379788
15300 127.558 548.9972227
15400 278.211 1151.92730347
15500 440.592 1767.93991001
15600 529.012 2097.0637209
15700 537.422 2128.33703327
15800 546.848 2163.3989982
15900 557.225 2202.01683338
16000 566.47 2236.4432251
16100 574.818 2267.55051092
16200 587.641 2315.37996474
16300 595.978 2346.51218275
16400 602.79 2371.9731774
16500 613.455 2411.88236601
16600 623.283 2448.71540906
16700 631.525 2479.64994934
16800 641.463 2517.01000397
16900 648.319 2542.82480014
17000 656.777 2574.72075265
17100 667.521 2615.32086185
17200 674.732 2642.62585242
17300 682.251 2671.14735624
17400 690.539 2702.64817815
17500 697.311 2728.43771504
17600 705.814 2760.88681381
17700 716.417 2801.46012687
17800 721.937 2822.63339243
17900 727.64 2844.54624287
18000 736.134 2877.25624273
18100 745.495 2913.41019918
18200 754.331 2947.64176746
18300 759.615 2968.16303322
18400 767.125 2997.39634951
18500 773.004 3020.33716127
18600 780.739 3050.59782196
18700 786.669 3073.85810314
18800 791.641 3093.40247911
18900 799.657 3124.99468742
19000 806.048 3150.25693731
19100 809.295 3163.11744296
19200 815.696 3188.52198536
19300 818.093 3198.0532512
19400 821.617 3212.08385383
19500 828.495 3239.53084308
19600 830.708 3248.37977832
19700 834.101 3261.96418389
19800 837.039 3273.74380314
19900 841.971 3293.55380177
20000 842.037 3293.8192044
20100 844.841 3305.10230345
20200 847.98 3317.75093104
20300 853.335 3339.37213659
20400 857.708 3357.06935611
20500 860.051 3366.56662359
20600 860.895 3369.99038466
20700 863.975 3382.49659908
20800 866.725 3393.67877665
20900 869.585 3405.32430053
21000 870.768 3410.14613079
21100 872.611 3417.66372687
21200 873.704 3422.12533653
21300 875.031 3427.54540923
21400 873.602 3421.70887099
21500 875.23 3428.3585267
21600 874.676 3426.09507451
21700 875.297 3428.63230814
21800 876.303 3432.74422359
21900 877.667 3438.32274972
22000 876.615 3434.01991212
22100 877.883 3439.20650452
22200 876.928 3435.29989069
22300 875.491 3429.42510033
22400 874.626 3425.89082274
22500 874.932 3427.14092374
22600 875.056 3427.64755521
22700 874.822 3426.69151895
22800 871.525 3413.23309914
22900 870.198 3407.82249511
23000 869.145 3403.53161047
23100 868.215 3399.7437989
23200 863.318 3379.82730231
23300 859.573 3364.62819469
23400 857.612 3356.68045232
23500 853.087 3338.36960593
23600 855.919 3349.82491995
23700 848.815 3321.11870709
23800 842.759 3296.72307804
23900 833.189 3258.31080464
24000 828.937 3241.2975309
24100 830.873 3249.03990144
24200 827.438 3235.30739314
24300 814.445 3183.55150338
24400 807.342 3155.38002512
24500 803.821 3141.44648432
24600 795.176 3107.32178636
24700 789.828 3086.27131
24800 787.139 3075.70397496
24900 776.415 3033.67060843
25000 777.561 3038.154142
25100 776.209 3032.86487511
25200 771.95 3016.22058509
25300 770.502 3010.56782039
25400 763.768 2984.31909061
25500 757.071 2958.27820357
25600 745.855 2914.80285024
25700 742.187 2900.62119883
25800 731.714 2860.22393201
25900 723.253 2827.68647537
26000 716.828 2803.03540113
26100 710.438 2778.56557175
26200 700.877 2742.03694583
26300 686.119 2685.84043779
26400 685.963 2685.24757315
26500 678.235 2655.90710799
26600 642.17 2519.67047075
26700 626.016 2458.96835065
26800 645.19 2531.03892387
26900 640.313 2512.68327682
27000 641.469 2517.03258068
27100 639.709 2510.41118138
27200 600.413 2363.08621523
27300 602.356 2370.35036129
27400 568.433 2243.75604667
27500 565.235 2231.84301762
27600 574.371 2265.88428202
27700 562.06 2220.0185245
27800 542.729 2148.07586298
27900 541.567 2143.7535845
28000 543.857 2152.27187093
28100 542.192 2146.07836474
28200 524.077 2078.71521135
28300 513.852 2040.70120673
28400 497.187 1978.73976514
28500 489.127 1948.76331878
28600 471.097 1881.66671213
28700 458.261 1833.85054567
28800 451.623 1809.10251352
28900 440.12 1766.17751533
29000 432.2 1736.59033444
29100 421.683 1697.25474855
29200 392.471 1587.6645323
29300 377.226 1530.24303041
29400 383.101 1552.39231519
29500 357.246 1454.70571228
29600 358.795 1460.57424892
29700 339.582 1387.62540023
29800 336.212 1374.79294842
29900 331.23 1355.80088445
30000 315.957 1297.41237863
30100 287.074 1186.25012887
30200 286.861 1185.42648273
30300 266.113 1104.90412815
30400 259.363 1078.57796152
30500 264.937 1100.32223921
30600 254.014 1057.66872087
30700 243.385 1015.99238867
30800 234.512 981.067265361
30900 223.329 936.869406931
31000 211.719 890.763231634
31100 207.028 872.06833737
31200 181.349 769.028691302
31300 169.816 722.347964505
31400 166.531 709.004043192
31500 157.39 671.758884917
31600 154.303 659.142503613
31700 143.004 612.795411795
31800 135.67 582.567553341
31900 127.094 547.072651319
32000 117.466 507.029286345
32100 106.442 460.921068657
32200 96.1553 417.640977602
32300 80.9513 353.206492543
32400 63.274 277.56829079
32500 47.8184 210.776860858
32600 38.8651 171.794948066
32700 30.3401 134.475295994
32800 25.0629 111.272872545
32900 18.928 84.2013739575
33000 12.3607 55.1036302165
33100 8.91658 39.7943810955
33200 5.81092 25.960213714
33300 2.41373 10.7953021587
33400 3.45381 15.4417526036
33500 0 0
33600 0 0
33700 0 0
33800 0 0
33900 0 0
34000 0 0
34100 0 0
34200 0 0
34300 0 0
34400 0 0
34500 0 0
34600 0 0
34700 0 0
34800 0 0
34900 0 0
35000 0 0
35100 0 0
35200 0 0
35300 0 0
35400 0 0
35500 0 0
35600 0 0
35700 0 0
35800 0 0
35900 0 0
36000 0 0
36100 0 0
36200 0 0
36300 0 0
36400 0 0
36500 0 0
36600 0 0
36700 0 0
36800 0 0
36900 0 0
37000 0 0
37100 0 0
37200 0 0
37300 0 0
37400 0 0
37500 0 0
37600 0 0
37700 0 0
37800 0 0
37900 0 0
38000 0 0
38100 0 0
38200 0 0
38300 0 0
38400 0 0
38500 0 0
38600 0 0
38700 0 0
38800 0 0
38900 0 0
39000 0 0
39100 0 0
39200 0 0
39300 0 0
39400 0 0
39500 0 0
39600 0 0
39700 0 0
39800 0 0
39900 0 0
40000 0 0
40100 0 0
40200 0 0
40300 0 0
40400 0 0
40500 0 0
40600 0 0
40700 0 0
40800 0 0
40900 0 0
41000 0 0
41100 0 0
41200 0 0
41300 0 0
41400 0 0
41500 0 0
41600 0 0
41700 0 0
41800 0 0
41900 0 0
42000 0 0
42100 0 0
42200 0 0
42300 0 0
42400 0 0
42500 0 0
42600 0 0
42700 0 0
42800 0 0
42900 0 0
43000 0 0
43100 0 0
43200 0 0
43300 0 0
43400 0 0
43500 0 0
43600 0 0
43700 0 0
43800 0 0
43900 0 0
44000 0 0
44100 0 0
44200 0 0
44300 0 0
44400 0 0
44500 0 0
44600 0 0
44700 0 0
44800 0 0
44900 0 0
45000 0 0
45100 0 0
45200 0 0
45300 0 0
45400 0 0
45500 0 0
45600 0 0
45700 0 0
45800 0 0
45900 0 0
46000 0 0
46100 0 0
46200 0 0
46300 0 0
46400 0 0
46500 0 0
46600 0 0
46700 0 0
46800 0 0
46900 0 0
47000 0 0
47100 0 0
47200 0 0
47300 0 0
47400 0 0
47500 0 0
47600 0 0
47700 0 0
47800 0 0
47900 0 0
48000 0 0
48100 0 0
48200 0 0
48300 0 0
48400 0 0
48500 0 0
48600 0 0
48700 0 0
48800 0 0
48900 0 0
49000 0 0
49100 0 0
49200 0 0
49300 0 0
49400 0 0
49500 0 0
49600 0 0
49700 0 0
49800 0 0
49900 0 0
50000 0 0
50100 0 0
50200 0 0
50300 0 0
50400 0 0
50500 0 0
50600 0 0
50700 0 0
50800 0 0
50900 0 0
51000 0 0
51100 0 0
51200 0 0
51300 0 0
51400 0 0
51500 0 0
51600 0 0
51700 0 0
51800 0 0
51900 0 0
52000 0 0
52100 0 0
52200 0 0
52300 0 0
52400 0 0
52500 0 0
52600 0 0
52700 0 0
52800 0 0
52900 0 0
53000 0 0
53100 0 0
53200 0 0
53300 0 0
53400 0.972015 4.34935075955
53500 2.53956 11.3576029799
53600 5.08348 22.7157835934
53700 10.7652 48.0158169279
53800 15.6112 69.5209965456
53900 20.8929 92.8834389619
54000 28.1627 124.911244556
54100 33.729 149.334678553
54200 39.2228 173.356496729
54300 46.478 204.954585372
54400 52.196 229.758455916
54500 58.4315 256.708699238
54600 65.9105 288.899821258
54700 72.5351 317.293535123
54800 75.9747 331.992166704
54900 86.0428 374.847077825
55000 89.0117 387.436535153
55100 96.745 420.128852993
55200 99.6851 432.520417399
55300 95.4072 414.483633763
55400 100.5 435.951319799
55500 110.791 479.144345215
55600 117.647 507.784000614
55700 165.693 705.596591291
55800 182.491 773.637083972
55900 174.905 742.977916822
56000 181.394 769.210329963
56100 224.828 942.80573561
56200 235.934 986.6728081
56300 272.345 1129.15238952
56400 283.812 1173.62983908
56500 309.919 1274.25701601
56600 299.927 1235.84371986
56700 353.098 1438.9798768
56800 358.071 1457.83157327
56900 368.046 1495.57859002
57000 341.34 1394.31505811
57100 369.472 1500.96782807
57200 306.589 1261.46844471
57300 381.274 1545.50720935
57400 420.703 1693.58644309
57500 422.303 1699.57524693
57600 409.878 1653.03082775
57700 390.919 1581.82660794
57800 418.328 1684.69424804
57900 319.411 1310.63950527
58000 195.07 824.235899981
58100 99.2819 430.822277218
58200 89.7626 390.617281226
58300 94.3819 410.154192403
58400 98.2938 426.659105711
58500 131.999 567.393502492
58600 252.824 1053.01123556
58700 405.74 1637.50961495
58800 593.37 2336.77006498
58900 542.526 2147.32075139
59000 497.902 1981.39859083
59100 380.443 1542.37471566
59200 542.506 2147.2463565
59300 444.477 1782.44249056
59400 435.193 1747.77480801
59500 432.704 1738.4740151
59600 403.889 1630.56325229
59700 341.29 1394.12483741
59800 334.434 1368.01792188
59900 329.271 1348.32579594
60000 337.828 1380.94786995
60100 371.176 1507.40548052
60200 467.764 1869.25526641
60300 485.559 1935.49038071
60400 511.128 2030.57411717
60500 545.918 2159.93904637
60600 475.515 1898.11416667
60700 459.46 1838.31911313
60800 418.947 1687.01213359
60900 399.398 1613.70044528
61000 384.761 1558.64588684
61100 369.159 1499.7850626
61200 350.228 1428.08986163
61300 334.529 1368.37999947
61400 317.741 1304.245906
61500 298.397 1229.95107577
61600 278.323 1152.36168965
61700 272.157 1128.42169049
61800 291.158 1202.03110474
61900 307.277 1264.1117249
62000 324.247 1329.13662858
62100 415.196 1672.9629813
62200 669.764 2623.80922572
62300 922.048 3622.01161606
62400 528.206 2094.06687554
62500 889.371 3486.34944888
62600 959.093 3778.81108417
62700 446.182 1788.80524539
62800 813.239 3178.76233967
62900 837.221 3274.47403282
63000 958.073 3774.44863197
63100 813.259 3178.84174181
63200 437.67 1757.02793568
63300 338.089 1381.94170162
63400 661.283 2591.7365988
63500 850.971 3329.82055846
63600 832.688 3256.30449066
63700 804.039 3142.3085747
63800 665.667 2608.30791227
63900 754.8 2949.46165583
64000 855.182 3346.84229528
64100 869.351 3404.37086676
64200 860.268 3367.44676967
64300 860.977 3370.32309963
64400 855.835 3349.48492042
64500 877.667 3438.32274972
64600 887.519 3478.73066844
64700 880.827 3451.26138569
64800 872.606 3417.64332254
64900 909.059 3567.80117843
65000 792.606 3097.2002717
65100 896.612 3516.20804807
65200 878.215 3440.56505626
65300 874.993 3427.3901498
65400 875.284 3428.57918565
65500 876.634 3434.09760475
65600 879.939 3447.62337268
65700 881.562 3454.27382055
65800 878.465 3441.58821247
65900 851.024 3330.03458393
66000 858.332 3359.59766903
66100 885.041 3468.54800962
66200 840.017 3285.69993996
66300 722.483 2824.72963634
66400 898.432 3523.73072707
66500 902.994 3542.61887071
66600 866.897 3394.37867279
66700 885.145 3468.97510839
66800 797.628 3116.98838822
66900 865.76 3389.75313105
67000 850.157 3326.53412448
67100 843.483 3299.63597187
67200 835.626 3268.07655469
67300 830.636 3248.09173992
67400 820.353 3207.04883223
67500 817.649 3196.2870149
67600 814.929 3185.47421877
67700 807.031 3154.14848831
67800 808.654 3160.57721991
67900 803.67 3140.84939409
68000 781.232 3052.52956068
68100 783.158 3060.07980564
68200 785.575 3069.56286275
68300 781.096 3051.99663051
68400 772.462 3018.22008498
68500 716.697 2802.5332854
68600 755.463 2952.03484559
68700 747.384 2920.71964721
68800 739.443 2890.02340114
68900 733.447 2866.89909002
69000 724.511 2832.51876998
69100 719.227 2812.23412846
69200 711.597 2783.00043018
69300 702.963 2749.99828422
69400 695.451 2721.3496958
69500 688.095 2693.35211066
69600 677.652 2653.69594266
69700 669.451 2622.62445097
69800 665.128 2606.26964129
69900 657.591 2577.79340772
70000 651.783 2555.88114929
70100 643.494 2524.65370216
70200 635.382 2494.14156812
70300 627.274 2463.68935198
70400 620.578 2438.57202237
70500 611.371 2404.07912282
70600 604.27 2377.50791076
70700 594.004 2339.13807492
70800 581.612 2292.88428633
70900 572.548 2259.08958777
71000 563.852 2226.69204094
71100 551.815 2181.88082985
71200 543.964 2152.66990699
71300 535.794 2122.28259638
71400 523.827 2077.78573893
71500 514.601 2043.48576591
71600 507.212 2016.01512713
71700 496.494 1976.16269796
71800 488.546 1946.60214074
71900 479.698 1913.68262508
72000 469.333 1875.09828366
72100 462.839 1850.90989971
72200 459.932 1840.07808854
72300 435.736 1749.80348708
72400 446.867 1791.36121664
72500 272.235 1128.72485881
72600 369.055 1499.39204894
72700 216.423 909.471629857
72800 420.457 1692.66554206
72900 403.973 1630.87853136
73000 382.062 1548.47712344
73100 363.404 1478.02327641
73200 339.563 1387.55308327
73300 327.556 1341.7784067
73400 319.28 1310.13808462
73500 304.69 1254.16959548
73600 293.978 1212.91537224
73700 283.795 1173.56403142
73800 270.99 1123.8848156
73900 260.979 1084.88663883
74000 251.43 1047.55262356
74100 237.862 994.267860397
74200 227.962 955.20495941
74300 216.709 910.607863922
74400 206.399 869.558671304
74500 198.07 836.260196322
74600 188.692 798.617372015
74700 176.457 749.259414565
74800 147.425 630.961662488
74900 145.156 621.643314236
75000 136.129 584.462766491
75100 128.34 552.239711073
75200 118.788 512.539908692
75300 107.118 463.756544422
75400 98.1531 426.066104115
75500 89.7241 390.454231957
75600 78.8829 344.39678252
75700 68.289 299.107181539
75800 59.461 261.148477773
75900 47.982 211.487159211
76000 39.9344 176.46197156
76100 25.962 115.231456083
76200 19.1237 85.0665794848
76300 12.5528 55.9565176447
76400 9.00846 40.2032353395
76500 4.2901 19.1754999925
76600 2.24721 10.0510972949
76700 0 0
76800 0 0
76900 0 0
77000 0 0
77100 0 0
77200 0 0
77300 0 0
77400 0 0
77500 0 0
77600 0 0
77700 0 0
77800 0 0
77900 0 0
78000 0 0
78100 0 0
78200 0 0
78300 0 0
78400 0 0
78500 0 0
78600 0 0
78700 0 0
78800 0 0
78900 0 0
79000 0 0
79100 0 0
79200 0 0
79300 0 0
79400 0 0
79500 0 0
79600 0 0
79700 0 0
79800 0 0
79900 0 0
80000 0 0
80100 0 0
80200 0 0
80300 0 0
80400 0 0
80500 0 0
80600 0 0
80700 0 0
80800 0 0
80900 0 0
81000 0 0
81100 0 0
81200 0 0
81300 0 0
81400 0 0
81500 0 0
81600 0 0
81700 0 0
81800 0 0
81900 0 0
82000 0 0
82100 0 0
82200 0 0
82300 0 0
82400 0 0
82500 0 0
82600 0 0
82700 0 0
82800 0 0
82900 0 0
83000 0 0
83100 0 0
83200 0 0
83300 0 0
83400 0 0
83500 0 0
83600 0 0
83700 0 0
83800 0 0
83900 0 0
84000 0 0
84100 0 0
84200 0 0
84300 0 0
84400 0 0
84500 0 0
84600 0 0
84700 0 0
84800 0 0
84900 0 0
85000 0 0
85100 0 0
85200 0 0
85300 0 0
85400 0 0
85500 0 0
85600 0 0
85700 0 0
85800 0 0
85900 0 0
86000 0 0
86100 0 0
86200 0 0
86300 0 0
